doc;predicted_country;confidence;proba_autres;proba_benelux;proba_france;proba_germany
247energy.pdf;benelux;0.9999914293443701;7.860659579234933e-06;0.9999914293443701;6.097809751022326e-07;1.0021507549288836e-07
actblade.pdf;autres;0.9998853633791387;0.9998853633791387;1.371833039813297e-05;2.3726675024356042e-05;7.719161543864567e-05
actblade_new.pdf;autres;0.9998853633791387;0.9998853633791387;1.371833039813297e-05;2.3726675024356042e-05;7.719161543864567e-05
actronika.pdf;autres;0.44600216380277785;0.44600216380277785;0.4311216004439397;0.06616482907946644;0.05671140667381609
adlatusrobotics.pdf;germany;0.9999977536472585;7.05340135269471e-07;1.0508640852572283e-06;4.901485209604706e-07;0.9999977536472585
adlc.pdf;benelux;0.9999984794701521;6.238004749509035e-07;0.9999984794701521;8.184947655332158e-07;7.82346074729972e-08
aerleum.pdf;france;0.9999577803033646;2.412901045527468e-05;5.86259105199199e-06;0.9999577803033646;1.2228095128101882e-05
aiblox.pdf;benelux;0.9999666077263973;4.055380887704499e-06;0.9999666077263973;8.10234429334886e-06;2.12345484215823e-05
airbooster.pdf;france;0.9962720760924204;0.003516134981306917;0.00020265415895523727;0.9962720760924204;9.134767317488891e-06
aircision.pdf;benelux;0.9999725415616664;8.870040066570868e-06;0.9999725415616664;3.438438244888329e-06;1.5149960022110478e-05
airthium.pdf;autres;0.9999842323125635;0.9999842323125635;4.996578869000645e-06;8.017524728633997e-06;2.7535838387375982e-06
aithra.pdf;france;0.9999903562655823;1.2272002401155875e-06;8.34557482056646e-06;0.9999903562655823;7.095935711564925e-08
akryvia.pdf;france;0.9235189032939464;0.006639530599866482;0.020151900516932202;0.9235189032939464;0.049689665589254944
akvola.pdf;benelux;0.558219152212804;0.002098511957119201;0.558219152212804;0.0003118673394211442;0.43937046849065564
alberts.pdf;benelux;0.9999699119649436;9.432197166726458e-06;0.9999699119649436;8.733115363951904e-06;1.1922722525561173e-05
aloecell.pdf;benelux;0.8704312801789555;0.10212633234634388;0.8704312801789555;0.007337738570648514;0.020104648904051937
alouette.pdf;france;0.9999092986611449;2.2151315922002563e-05;6.81974818363729e-05;0.9999092986611449;3.525410968401386e-07
aloxy.pdf;benelux;0.9999572213408533;2.337010516668557e-05;0.9999572213408533;1.5597786321800326e-05;3.8107676580632935e-06
altosolution.pdf;france;0.9999792628968186;1.5187352242217774e-05;4.931993523761721e-06;0.9999792628968186;6.177574153849757e-07
altransenergy.pdf;france;0.9999951056988873;2.1765293323288973e-06;2.165219534517021e-06;0.9999951056988873;5.525522457676274e-07
amethyste.pdf;france;0.9999725853294572;4.887265495151944e-06;1.7605682944494436e-05;0.9999725853294572;4.921722103146553e-06
amflow.pdf;benelux;0.9998460018678814;0.00011039509144770924;0.9998460018678814;3.640858338415858e-05;7.194457286819051e-06
amiraltechnologies.pdf;france;0.9999892624229584;4.468742478794275e-07;3.925023901679473e-06;0.9999892624229584;6.36567889200849e-06
anabrid.pdf;germany;0.9999856219818919;2.381545220947201e-06;1.1428879484184938e-05;5.675934029483654e-07;0.9999856219818919
ananke.pdf;france;0.9999980340233433;5.331189262105474e-07;6.421617044813168e-07;0.9999980340233433;7.906960260626003e-07
angara.pdf;benelux;0.7434682993732905;0.20813107599680394;0.7434682993732905;0.009298947097849938;0.03910167753205567
anisoprint.pdf;autres;0.7026504849472517;0.7026504849472517;0.1770959886252609;0.11609777075995904;0.004155755667528438
appsilon.pdf;benelux;0.9999749074160197;1.9157444167996226e-05;0.9999749074160197;3.132680622502608e-06;2.802459189833577e-06
aprexsolutions.pdf;france;0.9999800860487559;1.6271408163308826e-05;1.8318443727831194e-06;0.9999800860487559;1.8106987079493816e-06
aquilae.pdf;france;0.999778696259771;0.00010744560203307664;0.00011014272550385315;0.999778696259771;3.7154126920206425e-06
aredox.pdf;france;0.9999126675763854;8.222001594079749e-05;1.618852980433678e-06;0.9999126675763854;3.493554693222822e-06
arkcapturesolutions.pdf;benelux;0.999979162242055;5.436677979712861e-06;0.999979162242055;6.577174294729704e-06;8.823905670582316e-06
arkeocean.pdf;france;0.9997857091639583;0.00015877965777766467;4.8009762556683014e-05;0.9997857091639583;7.501415707459705e-06
askforthemoon.pdf;france;0.9999958219778328;1.6409656162195493e-06;2.010016451050348e-06;0.9999958219778328;5.270401001384043e-07
askforthemoon2.pdf;france;0.9999703300870324;9.893329750931384e-06;1.3937263859701806e-05;0.9999703300870324;5.839319356833845e-06
astriis.pdf;france;0.9999101123343866;8.646985268973082e-05;3.329137979436148e-06;0.9999101123343866;8.867494427098287e-08
atmocoat.pdf;germany;0.9999851937713528;1.8079881601805225e-06;1.0481360027931547e-05;2.516880459101607e-06;0.9999851937713528
avoxt.pdf;benelux;0.9999589013348293;5.925474877832295e-06;0.9999589013348293;3.967553783164029e-06;3.120563650960903e-05
awakemobility.pdf;france;0.76639693791029;0.13249845904636273;0.09698361019615998;0.76639693791029;0.004120992847187412
axfenergy.pdf;germany;0.9999946594372026;5.025320038425387e-07;2.3574507057416583e-06;2.4805800877483514e-06;0.9999946594372026
azteq.pdf;benelux;0.9996435108676275;4.94139916721965e-05;0.9996435108676275;1.3504080963393065e-05;0.00029357105973689226
azteq2.pdf;benelux;0.9999970043738765;1.2715792730947877e-07;0.9999970043738765;2.8497031877351744e-06;1.8765008477568497e-08
batiprint3d.pdf;france;0.999999127724532;5.446869601354414e-07;2.755385469772629e-07;0.999999127724532;5.204996095167617e-08
beagle.pdf;autres;0.9999741115241507;0.9999741115241507;4.027475331519337e-06;4.724427667458676e-07;2.138855775111798e-05
bianergy2.pdf;benelux;0.9999848231944543;8.40195455667752e-06;0.9999848231944543;7.801615361077172e-07;5.99468945313487e-06
biocide.pdf;autres;0.9999057856254308;0.9999057856254308;2.2741680640019435e-05;6.545607738902454e-05;6.016616540290196e-06
blixt.pdf;autres;0.9999363116316003;0.9999363116316003;2.0412244372136242e-05;4.108412808984651e-05;2.191995937772645e-06
bloom.pdf;autres;0.9999819760810689;0.9999819760810689;3.955056490725162e-06;4.777333710471287e-06;9.291528729987416e-06
bluepowersynergy.pdf;benelux;0.9999866401023458;8.756275365141117e-06;0.9999866401023458;4.0803430432563224e-06;5.232792456625068e-07
bondzai.pdf;france;0.9999324496596517;2.6337909932860104e-05;3.703005596424386e-05;0.9999324496596517;4.18237445117177e-06
bonidriver.pdf;germany;0.999972321493235;4.680515410450526e-06;1.669800460553666e-05;6.299986748996299e-06;0.999972321493235
borealesenergy.pdf;france;0.9997809671513997;0.00020581142049112196;1.212955321566943e-05;0.9997809671513997;1.0918748934312492e-06
brighterbins.pdf;benelux;0.9999966896882856;2.9021542841570273e-06;0.9999966896882856;3.7415283151672456e-07;3.400459872768273e-08
brolz.pdf;benelux;0.9849943429411411;2.251615973237679e-05;0.9849943429411411;0.014983010701717266;1.3019740911399852e-07
bulane.pdf;france;0.9999971123539168;2.369206713646251e-06;4.0487504614458375e-07;0.9999971123539168;1.1356432353074188e-07
carbodown.pdf;france;0.9999805508070225;2.3503226148577177e-06;9.354150853381611e-06;0.9999805508070225;7.744719509381626e-06
carbon8.pdf;autres;0.9999873636587477;0.9999873636587477;3.3513539767133903e-06;3.540741260685181e-06;5.744246014921805e-06
carbyon2.pdf;autres;0.9999757156984783;0.9999757156984783;2.050660547883724e-05;2.113496770184121e-06;1.6641992724680424e-06
chemalive.pdf;autres;0.9999910426064442;0.9999910426064442;4.498924858339635e-06;4.069040944584754e-06;3.8942775301209427e-07
chemicalnewtech.pdf;autres;0.9999840423955568;0.9999840423955568;3.199041320538493e-06;3.7095605611005098e-06;9.04900256139629e-06
cilkoa.pdf;france;0.9991569420548412;8.747434906718447e-05;0.0004384154661866722;0.9991569420548412;0.000317168129904746
cixten.pdf;france;0.9999772816562302;1.3526716161392047e-06;3.36815288705387e-06;0.9999772816562302;1.7997519266724004e-05
clhynn.pdf;france;0.9999990841325056;5.062961918320234e-07;3.6596854125468204e-07;0.9999990841325056;4.360276129499148e-08
cognifab.pdf;france;0.9999761193209045;3.657342050171962e-06;5.902864713084342e-06;0.9999761193209045;1.4320472332389464e-05
coldpad.pdf;france;0.9991638673593405;0.0005742160774732186;0.0002585622786086294;0.9991638673593405;3.3542845775424675e-06
coldpad2.pdf;france;0.9999996842489833;1.7762835010237815e-07;6.195822358238086e-08;0.9999996842489833;7.616444290156604e-08
companionenergy.pdf;benelux;0.9999983898004988;7.091337428591094e-07;0.9999983898004988;4.3037710924384815e-07;4.7068864886689297e-07
comppair.pdf;autres;0.9999773086519137;0.9999773086519137;5.020166811663276e-06;8.117561273127187e-06;9.553620001277882e-06
comsens.pdf;benelux;0.9999771542772757;4.5128026199398505e-06;0.9999771542772757;3.0823393545590984e-06;1.5250580749762487e-05
condugo.pdf;benelux;0.999994096355679;2.8209936198795213e-06;0.999994096355679;3.0696462755494292e-06;1.3004425588158804e-08
cosmotech.pdf;france;0.9999545115653414;2.2565133565287965e-05;1.5308682951175786e-05;0.9999545115653414;7.614618142065074e-06
covess.pdf;benelux;0.9999546436487006;2.8671935937857358e-05;0.9999546436487006;1.3295647342082449e-05;3.3887680193725414e-06
credoxys.pdf;germany;0.9999892511767197;5.716643370923822e-06;2.1508215577444157e-06;2.8813583517154284e-06;0.9999892511767197
ctrlenergy.pdf;france;0.9995214284031667;7.260901684352558e-05;0.00039375890677883216;0.9995214284031667;1.2203673210811113e-05
cybus.pdf;germany;0.9999756360368521;1.5503322205460443e-05;7.182069922521485e-06;1.678571019802648e-06;0.9999756360368521
dacma.pdf;germany;0.9999560552410893;8.758585173716402e-06;3.1379795001223346e-05;3.806378735849608e-06;0.9999560552410893
deephawk.pdf;france;0.9999700786943325;1.8589090745307068e-06;2.2128073308101145e-06;0.9999700786943325;2.58495892620965e-05
deloq.pdf;benelux;0.9999827129869784;6.7692433398536586e-06;0.9999827129869784;3.896075806608757e-06;6.6216938752040676e-06
diamfab.pdf;france;0.9999959185518578;1.7797964531726669e-06;1.7300714890864823e-06;0.9999959185518578;5.715802000302929e-07
dimpora.pdf;autres;0.9999953807092529;0.9999953807092529;7.850836143025783e-07;4.21343535160429e-07;3.4128635977471105e-06
dionymer.pdf;france;0.9999861542059167;4.3667213658746415e-06;9.188720281851439e-07;0.9999861542059167;8.56020068917921e-06
dotocean.pdf;benelux;0.9997950647306528;7.849527855739772e-05;0.9997950647306528;0.00012150253211139479;4.9374586783241985e-06
dragonflypads2.pdf;france;0.9999839908598823;8.03576390452939e-06;5.791820652954466e-06;0.9999839908598823;2.181555560207261e-06
dronematrix.pdf;benelux;0.9999994301703431;1.7794921825995523e-07;0.9999994301703431;3.756843860113558e-07;1.6196052614924534e-08
dropslab.pdf;benelux;0.9999694162467302;1.2835966589602222e-05;0.9999694162467302;1.3214775256648489e-05;4.533011423410815e-06
dryad.pdf;autres;0.4241835116084592;0.4241835116084592;0.36588893652527515;0.004056235586068674;0.20587131628019695
ecellix.pdf;autres;0.9999927777672687;0.9999927777672687;4.157056646642772e-06;1.9900278587745393e-06;1.0751482261930724e-06
echemicles.pdf;autres;0.9999897802220004;0.9999897802220004;7.9048438309535e-06;7.874154336050255e-07;1.527518734971684e-06
eco2grow.pdf;germany;0.999963803888744;1.4055120509117664e-05;2.0097730323175224e-05;2.0432604237358587e-06;0.999963803888744
ecobot.pdf;autres;0.999367009245282;0.999367009245282;2.474884321744344e-05;0.000604238372623872;4.0035388767367474e-06
ecop.pdf;germany;0.6505069817552074;0.26083683494269966;0.01426831867570242;0.07438786462639059;0.6505069817552074
edgetech.pdf;france;0.9999958916002739;1.0612894859478961e-07;1.8313576345364116e-06;0.9999958916002739;2.170913143164804e-06
edock.pdf;benelux;0.9999990721587375;1.512332639490792e-07;0.9999990721587375;3.5477263473709195e-07;4.2183536387147724e-07
effectsphotonics.pdf;benelux;0.983834920692627;5.8799277730463645e-05;0.983834920692627;0.0011971539514555654;0.014909126078186875
effitrax.pdf;benelux;0.9999832399540126;2.7445158104911525e-08;0.9999832399540126;1.6604301715045108e-05;1.2829911435055837e-07
ehgroup.pdf;autres;0.9999676105969709;0.9999676105969709;1.3884440347193462e-05;1.1702278504588013e-05;6.802684177151372e-06
electriq.pdf;autres;0.9999875398519992;0.9999875398519992;5.915505830605781e-06;4.4350804525019245e-06;2.1095617177592723e-06
electrochaea.pdf;germany;0.9997890106732283;0.00010839565950152337;7.474384772115742e-05;2.7849819548965374e-05;0.9997890106732283
elugie.pdf;benelux;0.9999949723475018;2.5744830856654727e-07;0.9999949723475018;4.203280536002433e-06;5.669236536702462e-07
enadyne.pdf;germany;0.9999781585865912;8.387374716811907e-06;1.152670899157328e-05;1.9273297002756062e-06;0.9999781585865912
enhywhere2.pdf;france;0.9999335516664241;4.621672562032155e-06;5.9285029470695875e-05;0.9999335516664241;2.5416315431665077e-06
enosis.pdf;france;0.999993249908306;1.2644274817220966e-06;3.7720107605968017e-06;0.999993249908306;1.7136534515898983e-06
enow.pdf;benelux;0.9999610704115871;2.1599397174918425e-07;0.9999610704115871;3.041585925914003e-05;8.297735182012208e-06
enprove.pdf;benelux;0.999986422453331;3.971080379206046e-06;0.999986422453331;8.087226987115534e-06;1.5192393026687662e-06
entent.pdf;france;0.9999717464086489;4.169236404445462e-06;1.9566001322806616e-05;0.9999717464086489;4.518353623771537e-06
entras.pdf;benelux;0.9999834402396601;5.085214323994407e-06;0.9999834402396601;4.748225182658824e-07;1.0999723497625028e-05
esnah.pdf;benelux;0.9999970885515828;2.6015045129702668e-06;0.9999970885515828;2.0467757972487612e-07;1.0526632456813304e-07
eternalpower.pdf;germany;0.9999909390515055;2.224624736453655e-06;6.074874013180935e-06;7.614497449831302e-07;0.9999909390515055
ethernics.pdf;benelux;0.999950514110875;7.315427307094437e-06;0.999950514110875;3.507611788565805e-05;7.094343932408471e-06
everysens.pdf;france;0.999971446748411;2.736801954050778e-06;9.960945725478422e-06;0.999971446748411;1.5855503909505207e-05
exanodia.pdf;france;0.9594972868220644;0.04048431574332925;1.5487653455403736e-05;0.9594972868220644;2.909781150977845e-06
exomatter.pdf;germany;0.9999689048140884;4.1296570921841384e-06;2.575402434412968e-05;1.2115044752785135e-06;0.9999689048140884
extracthive.pdf;france;0.9999973011178636;1.8554393054819607e-06;3.0288822068330056e-07;0.9999973011178636;5.405546103645558e-07
farwind.pdf;france;0.9999887221404955;1.2209626362793665e-06;4.5766521558825515e-06;0.9999887221404955;5.480244712514025e-06
fibersail2.pdf;autres;0.9972195348924917;0.9972195348924917;2.4967710800331998e-05;0.0026914743973628762;6.40229993449247e-05
flasc.pdf;benelux;0.9999799065160121;1.708262948120383e-05;0.9999799065160121;2.9083215461994045e-07;2.720022352037021e-06
flasc2.pdf;benelux;0.9999903045086143;5.025455442394334e-06;0.9999903045086143;2.4500674735392116e-06;2.2199684699783923e-06
flyability.pdf;autres;0.9999686270475238;0.9999686270475238;4.506156796231234e-06;2.6603769880277594e-05;2.630257996895406e-07
flyability2.pdf;autres;0.9999809045713843;0.9999809045713843;1.1346496949080366e-05;7.1483172742948806e-06;6.006143922467245e-07
followinspiration.pdf;autres;0.9999709871513291;0.9999709871513291;1.8952896817603155e-05;8.774624105031423e-06;1.2853277482175605e-06
forecastyai.pdf;germany;0.9999863890960657;7.468912001001815e-07;1.1868805344744957e-05;9.952073895234488e-07;0.9999863890960657
fountainfuel.pdf;benelux;0.9999625708827679;2.1230808485638694e-06;0.9999625708827679;5.843852060085963e-06;2.9462184323529784e-05
genesink.pdf;france;0.9999572583523805;1.2935049861376718e-05;1.2293387533065973e-05;0.9999572583523805;1.7513210225123222e-05
genhy.pdf;france;0.9999853316395496;3.315458339532957e-06;7.746751920290504e-06;0.9999853316395496;3.6061501905486027e-06
geolith.pdf;france;0.9999950591821964;1.883304310169653e-06;2.9076076753228677e-06;0.9999950591821964;1.4990581816478676e-07
ghyga.pdf;france;0.9999986036360436;5.891701591785883e-07;3.6441563403599506e-07;0.9999986036360436;4.4277816303220684e-07
grandperspective.pdf;germany;0.9999599458666085;1.142930196921309e-05;1.741246839150457e-05;1.121236303082411e-05;0.9999599458666085
gravithy.pdf;france;0.9999991862676252;2.2480626748304198e-07;4.2561269743585785e-07;0.9999991862676252;1.633134098932242e-07
greengentech.pdf;france;0.99999984209745;1.0448003226065204e-07;3.0566060211225714e-08;0.99999984209745;2.2856457487622484e-08
greenyenergyag.pdf;autres;0.9999836540452961;0.9999836540452961;1.6530706280478282e-06;8.937487461560271e-07;1.3799135329758375e-05
grizit.pdf;benelux;0.9999891355285473;2.0293773147790802e-07;0.9999891355285473;1.6575087723283124e-06;9.004024948749806e-06
grownbio.pdf;benelux;0.9999582273158075;1.8770164418122104e-05;0.9999582273158075;1.907275308854065e-05;3.9297666857078004e-06
h2sys.pdf;france;0.9999786456791202;3.0946300509271275e-07;3.852007102949549e-06;0.9999786456791202;1.719285077186105e-05
hace.pdf;france;0.999987709947954;4.944701010829352e-06;6.384391922407508e-06;0.999987709947954;9.609591126741636e-07
hawaitech.pdf;france;0.9999945751969317;1.9526987744506266e-06;2.96107845426383e-06;0.9999945751969317;5.110258396716873e-07
hbat.pdf;benelux;0.9999718358316488;1.0407810317556546e-05;0.9999718358316488;2.0577636840448898e-06;1.5698594349630348e-05
heliac.pdf;autres;0.9999885199119758;0.9999885199119758;3.7166644195729887e-06;7.181568048802703e-06;5.818555559523585e-07
heliup2.pdf;france;0.9999970637271374;1.201380274691619e-06;6.801374814994991e-07;0.9999970637271374;1.0547551063785916e-06
hevatech.pdf;france;0.9999790757249132;1.614232520228617e-06;1.6683064496113485e-06;0.9999790757249132;1.7641736117025502e-05
hexana.pdf;france;0.9999836838460421;9.796449693877692e-06;2.8472346206589677e-06;0.9999836838460421;3.6724696432761748e-06
hexana2.pdf;france;0.9999879937905795;8.624138035543781e-06;2.4187389885774632e-06;0.9999879937905795;9.633323963820262e-07
highline.pdf;germany;0.9999781457477344;7.883171204475097e-06;6.323092147461699e-06;7.647988913763029e-06;0.9999781457477344
hiqutediamond.pdf;france;0.999995309259864;9.165591670363785e-07;3.361628277418596e-06;0.999995309259864;4.125526915214142e-07
hoeller.pdf;germany;0.9999872900598564;5.380850978288338e-06;7.121190912449694e-06;2.0789825293222126e-07;0.9999872900598564
holosolis.pdf;france;0.9999912587316977;7.844042348027988e-08;1.2602125225372355e-08;0.9999912587316977;8.650225753514229e-06
holy.pdf;germany;0.9977514511551596;4.064111401325926e-06;0.002243076773393825;1.4079600452246597e-06;0.9977514511551596
huskk.pdf;benelux;0.9999519648759105;7.126219306464658e-07;0.9999519648759105;2.904516112457725e-07;4.7032050547428446e-05
hysilabs.pdf;france;0.9999867595605132;3.0204979339511466e-06;8.004397675112899e-06;0.9999867595605132;2.21554387778721e-06
hyve.pdf;benelux;0.9999791953278941;2.96821061500194e-06;0.9999791953278941;1.509887347354931e-05;2.7375880172629016e-06
hywaves.pdf;autres;0.9999815616522278;0.9999815616522278;4.8063887203416745e-06;1.0012975504178668e-05;3.618983547487731e-06
icodos.pdf;germany;0.9999714579646868;4.54424542399737e-06;1.2469794451899268e-05;1.1527995437243762e-05;0.9999714579646868
imsystems.pdf;benelux;0.9999670692196879;1.2197743666158424e-05;0.9999670692196879;8.823539103995615e-06;1.1909497541837993e-05
independentlivingbase.pdf;france;0.9999961930831103;2.9796246402373745e-06;8.041138066138118e-07;0.9999961930831103;2.317844294653096e-08
ineratec.pdf;germany;0.9999969907841415;1.0852292169855983e-06;1.8144879557470996e-06;1.094986856790455e-07;0.9999969907841415
infiniciag.pdf;benelux;0.6522185358142759;0.2568220579254099;0.6522185358142759;0.05696224914902397;0.033997157111290185
inflights.pdf;benelux;0.9999403969285647;1.947544043409634e-05;0.9999403969285647;3.6423360167387004e-05;3.7042708339487085e-06
infrasolid.pdf;germany;0.9999895198369778;4.11406147374031e-06;2.4987817598692944e-06;3.867319788535419e-06;0.9999895198369778
inphocal.pdf;benelux;0.9999673482475316;5.3989925420601094e-06;0.9999673482475316;2.236945567534908e-05;4.883304250900878e-06
insens.pdf;benelux;0.999987512469438;2.6990561697316197e-08;0.999987512469438;1.1563668379404368e-05;8.968716209122673e-07
intelligentfluids.pdf;germany;0.9999792915322817;2.45412940130964e-06;1.2241750986110294e-05;6.01258733095082e-06;0.9999792915322817
internest.pdf;france;0.9999803642911103;1.76375809519345e-05;1.9241150017232145e-06;0.9999803642911103;7.401293607903066e-08
inuse.pdf;france;0.9997718698689264;0.0001376542794482559;7.728525605211799e-05;0.9997718698689264;1.3190595573197355e-05
ionics.pdf;france;0.9991114822244034;0.000563376403295704;0.00032084861507552414;0.9991114822244034;4.292757225458695e-06
ipsumtek.pdf;france;0.9999604672877911;1.8533874584514683e-06;3.740462518240913e-05;0.9999604672877911;2.7469956816632155e-07
iqunet.pdf;benelux;0.9999946947718249;1.5183464344616705e-06;0.9999946947718249;4.624489696747404e-07;3.324432770927077e-06
istya.pdf;france;0.9999800474116614;3.436855637329148e-06;1.5821365956946245e-05;0.9999800474116614;6.943667443758983e-07
japet.pdf;france;0.9996964657492154;3.896071068942561e-05;0.00026394635694827485;0.9996964657492154;6.271831467430074e-07
keeyaerogel.pdf;france;0.9050285240174499;0.09045058193235668;0.0020426258365006094;0.9050285240174499;0.0024782682136927116
keeyaerogel2.pdf;france;0.9652272819858846;0.020462777431717958;0.0005267602833405829;0.9652272819858846;0.01378318029905677
keiron.pdf;benelux;0.985372342023318;0.007604016531934362;0.985372342023318;0.006878488656821367;0.00014515278792620053
kemiwatt.pdf;france;0.9999968417397949;8.425312722145793e-08;2.9930164238513146e-06;0.9999968417397949;8.099065424968496e-08
kheoos.pdf;france;0.9999966185330325;9.316774167429783e-07;2.0889917031807538e-06;0.9999966185330325;3.607978478130961e-07
komugi.pdf;france;0.9567097538503818;0.03225109268887812;0.009642923261298746;0.9567097538503818;0.0013962301994411984
kooping.pdf;france;0.9997262743636482;2.669188095409994e-05;0.00023575808683146983;0.9997262743636482;1.1275668566213382e-05
lancey.pdf;france;0.8325746769901803;0.05661076539382846;0.06565306452978266;0.8325746769901803;0.04516149308620854
laserco.pdf;benelux;0.9999656082452187;2.140254555376744e-05;0.9999656082452187;7.2674815569841785e-06;5.721727670448984e-06
latannerievegetale.pdf;france;0.9903061911766775;0.0010295964686871137;0.006495905664570882;0.9903061911766775;0.002168306690064335
leviathandynamics2.pdf;france;0.9999984313957235;1.193606308591242e-06;3.5802105572790066e-07;0.9999984313957235;1.6976912118499706e-08
lichens.pdf;france;0.9998552448212132;2.6182272832460293e-05;0.00011182395890011466;0.9998552448212132;6.748947054012485e-06
lionvolt.pdf;benelux;0.9856632925796599;0.014284732046365762;0.9856632925796599;1.5550428786119277e-05;3.6424945188194065e-05
lithcote.pdf;benelux;0.999994365018421;1.2967815099101409e-06;0.999994365018421;3.852603273599433e-06;4.855967956502829e-07
litherm.pdf;germany;0.9999652012098168;1.8616752310016127e-06;3.7405740990418483e-07;3.2563057542428606e-05;0.9999652012098168
maana.pdf;benelux;0.9999794722270953;1.0866101148916571e-05;0.9999794722270953;8.132156389616783e-06;1.5295153661597663e-06
machine2humansolutions.pdf;germany;0.9999852961152421;5.498657749669025e-07;1.2593364762296549e-05;1.5606542206242143e-06;0.9999852961152421
magreesource.pdf;france;0.9999986265214238;3.1284627048298737e-07;8.388411430682286e-07;0.9999986265214238;2.2179116271616727e-07
manaa.pdf;benelux;0.9999488566749363;1.6150764389835895e-05;0.9999488566749363;2.266780084019867e-05;1.232475983372445e-05
mantispectra.pdf;autres;0.6779346983455787;0.6779346983455787;0.03896651979369376;0.2778165574281441;0.0052822244325833835
mariepoppies.pdf;benelux;0.9723466783058388;8.260450579568414e-05;0.9723466783058388;0.02757041528691586;3.0190144969564125e-07
matvision.pdf;benelux;0.9999988657346719;9.590251370470884e-09;0.9999988657346719;1.0839081729865104e-06;4.076690379616739e-08
mcve.pdf;france;0.9379713421426675;0.0013606528498420498;0.060036629881550896;0.9379713421426675;0.0006313751259394759
mcve3.pdf;france;0.9983019887089167;3.859305488893261e-05;0.00165595333919348;0.9983019887089167;3.464897000883357e-06
mcve4.pdf;france;0.9999865619827121;3.4822238696749577e-06;9.666111686939342e-06;0.9999865619827121;2.8968173136932687e-07
meam.pdf;benelux;0.9999845421626099;5.893920377238913e-06;0.9999845421626099;9.187694354151715e-07;8.64514757727038e-06
mecabotix.pdf;france;0.9999746120767458;7.515146115257449e-06;1.7189752764980874e-05;0.9999746120767458;6.830243738647248e-07
mecawareA.pdf;france;0.9999924395250941;1.8158421096715229e-06;4.339424263665148e-06;0.9999924395250941;1.4052085323811895e-06
metaliq.pdf;germany;0.9999983284167082;9.763302076044106e-07;2.1585101740060137e-07;4.794020666935692e-07;0.9999983284167082
mirsense.pdf;france;0.9999605067810627;8.029006229890233e-06;1.892469316196355e-05;0.9999605067810627;1.2539519545347892e-05
mitis.pdf;benelux;0.9999636816476076;3.4187105481796554e-06;0.9999636816476076;2.9888886176813055e-05;3.010755667366091e-06
mobenergy.pdf;france;0.9999742931172025;1.2546732564279382e-05;1.2739241811083184e-05;0.9999742931172025;4.2090842205127357e-07
mobilitywork.pdf;benelux;0.7212000772059769;0.04119358626176831;0.7212000772059769;0.23463980175614016;0.0029665347761147045
mobito.pdf;france;0.519012783823392;0.342506660207081;0.13294129601767374;0.519012783823392;0.005539259951853305
moiz.pdf;france;0.9999932497762218;3.7029027762439235e-06;2.4441794324199977e-06;0.9999932497762218;6.031415693589647e-07
molecularplasmagroup.pdf;benelux;0.9999975067369697;1.6665640758050105e-06;0.9999975067369697;7.692140750622599e-07;5.7484879470331534e-08
muodim.pdf;france;0.9999996221873553;1.1565813851618275e-07;2.0692294871274083e-07;0.9999996221873553;5.523155756082442e-08
myjiminy.pdf;france;0.9998360693906438;2.5747047749200644e-06;0.00014435468220859362;0.9998360693906438;1.700122237264434e-05
nanoz.pdf;france;0.9999686053781159;1.3370917762361417e-05;1.0398161524470795e-05;0.9999686053781159;7.625542597266385e-06
nature2need.pdf;germany;0.9999315899420924;1.3303332367594975e-05;2.182993975886882e-05;3.327678578119901e-05;0.9999315899420924
neextengineering.pdf;france;0.9999953156815833;2.2534658300078e-07;4.363831665268987e-06;0.9999953156815833;9.514016848506709e-08
nestwave.pdf;france;0.9999736858980773;8.409711086324477e-06;1.531731299768264e-05;0.9999736858980773;2.5870778386256423e-06
neurala.pdf;autres;0.9089366177891675;0.9089366177891675;0.00124619513371846;0.08948494636930016;0.00033224070781395396
nextind.pdf;autres;0.9999740407050905;0.9999740407050905;7.602321828086744e-06;4.232302157509643e-06;1.412467092366516e-05
nexwafe.pdf;germany;0.9999921204354448;2.4847776692609193e-06;1.7859080121295742e-06;3.6088788738076584e-06;0.9999921204354448
nexxoil.pdf;germany;0.6092114269390283;0.0066502403040656;0.10263936572788195;0.2814989670290242;0.6092114269390283
nexxtlab.pdf;benelux;0.9999848609808231;3.612676040782253e-08;0.9999848609808231;8.533057014546331e-06;6.569835402015991e-06
nimbleone.pdf;france;0.9999968164257993;1.7980385080197707e-06;1.2886724643747285e-06;0.9999968164257993;9.686322843532949e-08
nimesis.pdf;france;0.9999500332224274;2.469878838993182e-05;2.4474296711352807e-05;0.9999500332224274;7.936924712687641e-07
novacarbon.pdf;france;0.999992954943878;4.364178702365502e-06;2.526789209894331e-06;0.999992954943878;1.5408820974195712e-07
novali3.pdf;benelux;0.9999927306809756;6.492516287521741e-06;0.9999927306809756;4.614209612950944e-07;3.1538177550440705e-07
novocycle.pdf;autres;0.9999797172159913;0.9999797172159913;7.567231879650759e-06;8.284030899985037e-06;4.431521229183963e-06
novomof.pdf;autres;0.9999785929373686;0.9999785929373686;1.7305075071960033e-05;3.3713963913423307e-06;7.305911680409367e-07
obeia.pdf;france;0.9999985340249212;3.057716098916116e-07;1.003926284837701e-06;0.9999985340249212;1.5627718389871738e-07
octofan.pdf;france;0.9999606929126592;4.004491518524425e-06;3.387415562043833e-05;0.9999606929126592;1.4284402018500945e-06
oghji.pdf;autres;0.9608148374925637;0.9608148374925637;0.00023360682753624659;0.03886488876984963;8.6666910050495e-05
ollow.pdf;france;0.999999727272006;1.3206635996667176e-07;2.326898636927025e-08;0.999999727272006;1.1739264766585538e-07
onewatt.pdf;benelux;0.9999853506301815;4.801594001978617e-06;0.9999853506301815;5.472623506061017e-06;4.375152310552438e-06
oppr.pdf;benelux;0.9999840146752408;1.8183995543110429e-06;0.9999840146752408;9.817073149538362e-06;4.349852055368571e-06
otiv.pdf;benelux;0.9999697635687234;3.855918103914892e-06;0.9999697635687234;1.2615325689434832e-05;1.3765187483207224e-05
otiv2.pdf;benelux;0.9999231519734436;2.597885976594549e-05;0.9999231519734436;4.813843195273481e-05;2.730734837867751e-06
ouat!.pdf;benelux;0.9999763756140395;8.37401194568106e-06;0.9999763756140395;1.3573853123033045e-05;1.6765208917625677e-06
oxylum.pdf;benelux;0.9999884865978965;2.1740006074499486e-06;0.9999884865978965;3.1423367272258477e-06;6.197064768866256e-06
packwise.pdf;germany;0.9999955615326047;9.55142037106283e-07;3.3344924688976184e-06;1.488328892336441e-07;0.9999955615326047
pathrobotics.pdf;autres;0.9999783965447042;0.9999783965447042;5.359099911747019e-06;7.339247709500759e-06;8.905107674530938e-06
pepps.pdf;benelux;0.9997789113262382;6.051713875013311e-06;0.9997789113262382;0.0002122019934903616;2.8349663966665824e-06
phoenixai.pdf;benelux;0.9997885015457942;0.00010478075847583944;0.9997885015457942;9.83489835878464e-05;8.368712141964036e-06
phytonics.pdf;germany;0.9999717146250593;5.5938537333437485e-06;7.838676928712657e-06;1.4852844278733723e-05;0.9999717146250593
polypea.pdf;benelux;0.9999502552133595;1.0218305995865317e-05;0.9999502552133595;3.417083858675073e-05;5.355642057935729e-06
powerlubecontrol.pdf;benelux;0.9999381727534539;1.0011935100179001e-06;0.9999381727534539;6.075169177021483e-05;7.436126606810927e-08
pozyx.pdf;benelux;0.9999898869581856;8.030952712970443e-06;0.9999898869581856;1.7955363531555657e-06;2.865527481227912e-07
propellane.pdf;france;0.9999927140029655;4.430781908899991e-06;2.769279558018151e-06;0.9999927140029655;8.593556762655062e-08
purenat2.pdf;france;0.9998748120096604;2.6441795540641626e-05;9.440568870323184e-05;0.9998748120096604;4.340506095766581e-06
pydro.pdf;germany;0.9999834540565986;2.6507321136924484e-06;7.057468631151172e-06;6.837742656572236e-06;0.9999834540565986
qualitics.pdf;benelux;0.99995924096863;2.3735596864564696e-07;0.99995924096863;4.025082693014451e-05;2.7084847132274865e-07
reeverse.pdf;france;0.9999998599114962;1.3884946682507992e-08;1.2013955824502694e-07;0.9999998599114962;6.063998902224948e-09
rein4ced.pdf;benelux;0.9999855485356213;1.7432809376709933e-06;0.9999855485356213;3.671434372849582e-08;1.2671469097285638e-05
rejuice.pdf;benelux;0.9999963831304064;2.2582350781187034e-06;0.9999963831304064;5.523207215240911e-07;8.063137939538677e-07
renewind.pdf;benelux;0.9999930470108507;1.2511193569918126e-06;0.9999930470108507;4.310992381174103e-06;1.390877411089242e-06
replace.pdf;france;0.9999581908389978;2.9017694761475927e-06;1.3619641110473743e-05;0.9999581908389978;2.528775041554067e-05
ridergy.pdf;germany;0.9999818118600119;2.9441548495139607e-06;1.4561334389198024e-05;6.826507495208846e-07;0.9999818118600119
rift.pdf;benelux;0.9999429459519474;2.3058632717157705e-05;0.9999429459519474;7.1170449202584875e-06;2.687837041509308e-05
roav7.pdf;france;0.9999863743665789;5.905510877252793e-06;7.677627941691837e-06;0.9999863743665789;4.2494602118253664e-08
rosi.pdf;france;0.9999930141239207;5.975563541378768e-07;3.0139644702143137e-06;0.9999930141239207;3.3743552548830873e-06
roth2.pdf;france;0.9999921056708344;6.036163269921201e-06;6.310769557232323e-07;0.9999921056708344;1.2270889399677418e-06
rovenso.pdf;autres;0.9998674005898405;0.9998674005898405;5.039278165651628e-05;7.499827391186293e-05;7.2083545910018775e-06
sakowin.pdf;france;0.9999753462475913;5.524263623389124e-06;1.582678136624662e-05;0.9999753462475913;3.30270741903788e-06
saturnetechnology.pdf;benelux;0.9999441309893263;2.515145686041851e-05;0.9999441309893263;2.9053148009885165e-05;1.6644058032925007e-06
senergetics.pdf;benelux;0.9999349405804077;1.2416185751914754e-05;0.9999349405804077;1.88777574478599e-05;3.376547639283507e-05
senodis.pdf;germany;0.999988726319479;6.079447504908657e-06;7.449792275809657e-07;4.4492537885199465e-06;0.999988726319479
senorics.pdf;germany;0.9999827200659747;2.7053145719926428e-06;5.707742691102296e-06;8.866876762321334e-06;0.9999827200659747
senseven.pdf;autres;0.9999749872087796;0.9999749872087796;1.0610899162058624e-05;6.48844612455952e-07;1.3753047445966554e-05
sereema.pdf;france;0.9999907955342925;5.324710274558775e-07;3.1342597476072477e-07;0.9999907955342925;8.358568705388782e-06
sesam.pdf;france;0.9976222717306056;6.544764254052843e-05;9.812012112894253e-06;0.9976222717306056;0.0023024686147409836
shayp.pdf;benelux;0.9999727603321357;2.788612428706184e-06;0.9999727603321357;2.0890487524454087e-05;3.5605679112419025e-06
sironatechnologies.pdf;benelux;0.9999870924017409;1.990385008467868e-06;0.9999870924017409;8.50576547612364e-06;2.4114477746422663e-06
skydrone.pdf;france;0.9999836871985766;1.213806160912902e-05;4.010653617121285e-06;0.9999836871985766;1.6408619701708476e-07
sogilis.pdf;france;0.9999721852254889;4.512470310547169e-06;1.3560628200130668e-05;0.9999721852254889;9.741676000496893e-06
soluterials.pdf;germany;0.9999925428254944;2.0383463889253803e-06;5.226576196984266e-06;1.9225191967538306e-07;0.9999925428254944
soomiq.pdf;germany;0.9999774850216357;9.614306297507453e-06;6.483645587222679e-07;1.2252307508165823e-05;0.9999774850216357
spark2.pdf;france;0.9999377333612203;1.0270889251409618e-05;1.2419172172981518e-06;0.9999377333612203;5.075383231106608e-05
spotlight.pdf;france;0.9999855840844619;9.994522207132553e-06;3.7026061243495422e-06;0.9999855840844619;7.187872065783013e-07
spreeinteractive.pdf;germany;0.9999860616740389;3.366749617643581e-06;6.691102845727437e-06;3.880473497721418e-06;0.9999860616740389
squairtech.pdf;france;0.9999618248235207;2.1422727937854105e-05;1.4007555961321756e-05;0.9999618248235207;2.7448925802860108e-06
staaq.pdf;france;0.9999846804089959;3.89969511469181e-06;8.787263248864308e-06;0.9999846804089959;2.6326326405969823e-06
stabilogreen.pdf;benelux;0.9999665713546508;9.670131690533147e-08;0.9999665713546508;3.321528336387212e-05;1.1666066835041338e-07
starcopter.pdf;germany;0.9999887519947754;1.7044411404081378e-06;4.2995945674758705e-06;5.243969516655951e-06;0.9999887519947754
stargate.pdf;autres;0.9999810384697467;0.9999810384697467;6.453237403278868e-06;5.190922388764916e-06;7.317370461101932e-06
storh.pdf;autres;0.9999887789865985;0.9999887789865985;3.103212151674932e-07;8.94266236132077e-06;1.968029825117798e-06
sublimeenergie.pdf;france;0.9999926571644983;6.026383217993919e-06;1.217485916358382e-06;0.9999926571644983;9.896636745941379e-08
sunlion.pdf;benelux;0.9999876086069006;1.060138368801632e-06;0.9999876086069006;1.1250043797477749e-05;8.121093317189877e-08
sunmaxx.pdf;germany;0.9999838036026716;4.81131323290824e-06;3.5450174956122053e-06;7.840066599886653e-06;0.9999838036026716
sunmaxx2.pdf;germany;0.9999466640375992;3.463964320392451e-05;4.286191565547722e-06;1.4410127631428437e-05;0.9999466640375992
supairvision.pdf;france;0.9994406588252218;0.00039364236031254817;6.68251509468754e-05;0.9994406588252218;9.887366351875741e-05
swanh.pdf;france;0.9998642842674326;4.87150172360781e-05;4.717067308573208e-05;0.9998642842674326;3.983004224552745e-05
swoopenergy.pdf;france;0.9998866221844968;8.924891681681996e-05;2.157058533286798e-05;0.9998866221844968;2.5583133536025693e-06
sylfen.pdf;france;0.9996897120493177;4.063733415632327e-05;5.687791530681268e-06;0.9996897120493177;0.00026396282499519067
teeptrak2.pdf;france;0.9999808115688039;7.020467939222664e-07;1.741092112985434e-05;0.9999808115688039;1.0754632722594713e-06
terakalis.pdf;france;0.9999925962832968;3.889214490089157e-07;6.965246820584706e-06;0.9999925962832968;4.954843351415487e-08
teratonics.pdf;france;0.999949184400541;8.722614334085702e-06;3.573134518503019e-05;0.999949184400541;6.361639939767211e-06
theyeq.pdf;france;0.9999805362999845;6.934420801615158e-06;9.772449639244363e-06;0.9999805362999845;2.7568295745504142e-06
threedy.pdf;germany;0.9999845990779237;2.1920918121551045e-06;2.9099481087221713e-06;1.0298882155388892e-05;0.9999845990779237
tiamat.pdf;france;0.9999792323886837;8.585160789239699e-07;1.548407426573007e-05;0.9999792323886837;4.4250209717282086e-06
tihive.pdf;france;0.9999588746333724;6.3654489364065645e-06;1.4740215439654893e-05;0.9999588746333724;2.00197022515609e-05
torwash.pdf;benelux;0.4209719682867417;0.3675556266114421;0.4209719682867417;0.19142100325942757;0.020051401842388534
tozero.pdf;germany;0.7279553087477014;0.008850419917104677;0.22935360485732903;0.03384066647786487;0.7279553087477014
tractonomy.pdf;france;0.5937139973819453;0.06458550961150078;0.3236758067215318;0.5937139973819453;0.01802468628502232
turbit.pdf;germany;0.9999905706122183;3.305765955472878e-06;3.0816296767008413e-06;3.0419921494824044e-06;0.9999905706122183
turbulent.pdf;benelux;0.9994781435628867;0.000250698911396953;0.9994781435628867;6.707283143195961e-05;0.00020408469428450193
twikit.pdf;benelux;0.9999625608697302;2.900379875587002e-05;0.9999625608697302;1.353215374749899e-06;7.0821161391107255e-06
twinsity.pdf;germany;0.9999815252271237;9.886096892603168e-06;6.0744749459211594e-06;2.514201037740871e-06;0.9999815252271237
uavia.pdf;france;0.9847280394238936;0.013595690122732203;0.0012139579796706286;0.9847280394238936;0.00046231247370355207
uware.pdf;benelux;0.9894214841015557;0.007402319615659604;0.9894214841015557;0.0024707227148013725;0.0007054735679832618
uware2.pdf;benelux;0.9894214841015557;0.007402319615659604;0.9894214841015557;0.0024707227148013725;0.0007054735679832618
uze.pdf;benelux;0.5231253753247793;0.46835324826932406;0.5231253753247793;0.0045304956549118295;0.0039908807509847315
v2i.pdf;benelux;0.8124267448752114;2.388547877430948e-07;0.8124267448752114;0.18757300511165448;1.1158346289788403e-08
variolytics.pdf;germany;0.9999898966689793;9.621347757408403e-07;8.750264459429429e-06;3.9093178559705297e-07;0.9999898966689793
vernaio.pdf;germany;0.9999877629407518;4.457695733264463e-06;6.9575278972198116e-06;8.218356176421216e-07;0.9999877629407518
viridianlithium.pdf;france;0.9999332747433294;1.3271180229378778e-06;5.779901672030852e-07;0.9999332747433294;6.48201484805276e-05
visiontechnology.pdf;france;0.809618185581354;0.0032653766467740535;0.0014857822610618238;0.809618185581354;0.18563065551081015
visplore.pdf;autres;0.9999807073662594;0.9999807073662594;8.380181071506511e-07;5.684813237843079e-07;1.7886134309690402e-05
vocsens.pdf;benelux;0.9999832064173028;9.548585601749707e-07;0.9999832064173028;2.1441191551500287e-06;1.3694604982145817e-05
voleatech.pdf;germany;0.9999777711351467;6.203689907836853e-06;1.7788590105425142e-06;1.424631593475687e-05;0.9999777711351467
vulkam.pdf;france;0.9999866789681036;2.4200977819502543e-06;4.403105613705363e-06;0.9999866789681036;6.4978285009379e-06
wainvame.pdf;france;0.9999939614375412;2.6514516088264197e-06;3.297233747523377e-06;0.9999939614375412;8.987710256474885e-08
waterhorizon.pdf;france;0.9940050943003764;0.0029162193315446956;0.003018833200818789;0.9940050943003764;5.985316726002042e-05
waterstuffsun.pdf;autres;0.7989727395241386;0.7989727395241386;0.0443292538268578;0.007102593485194045;0.1495954131638095
watt4ever.pdf;benelux;0.9999986378821717;2.561429773557666e-07;0.9999986378821717;1.0796425412699357e-06;2.633230947650979e-08
wattalps.pdf;france;0.9993670052872965;0.00013453755880070339;0.00047354052283229373;0.9993670052872965;2.491663107062902e-05
wayout.pdf;autres;0.99999398594334;0.99999398594334;2.743650552077809e-07;3.038745899451571e-06;2.700945705341419e-06
wespran.pdf;france;0.9999955748345121;2.490446702747544e-06;1.7942126902158157e-06;0.9999955748345121;1.4050609502921089e-07
wiidetect.pdf;france;0.9999633034307029;1.5914600214900277e-06;2.403801700416346e-05;0.9999633034307029;1.1067092271290065e-05
