doc;predicted_country;confidence;proba_autres;proba_benelux;proba_france;proba_germany
247energy.pdf;benelux;0.9999914281375775;7.833586872568477e-06;0.9999914281375775;6.340688576117396e-07;1.0420669228421978e-07
actblade.pdf;autres;0.9999680449862746;0.9999680449862746;6.9349866964833624e-06;1.6655372593861508e-05;8.364654434963925e-06
actronika.pdf;autres;0.5170869901877952;0.5170869901877952;0.3606701023974805;0.06504504890708475;0.057197858507639414
adlatusrobotics.pdf;germany;0.9999975291185076;9.298692322550208e-07;1.0508638493074977e-06;4.901484109077882e-07;0.9999975291185076
adlc.pdf;benelux;0.999998543659804;5.596709542228527e-07;0.999998543659804;8.184948180721897e-07;7.817442359971186e-08
aerleum.pdf;france;0.9999624957366197;2.2220983027010044e-05;4.982300179854612e-06;0.9999624957366197;1.0300980173479937e-05
aiblox.pdf;benelux;0.9999660740321024;4.5890908401398075e-06;0.9999660740321024;8.102339969029536e-06;2.1234537088446512e-05
airbooster.pdf;france;0.9989874738840316;0.0008939602084586658;7.122311563711984e-05;0.9989874738840316;4.7342791872508865e-05
aircision.pdf;benelux;0.9999838384297064;5.289063011659392e-06;0.9999838384297064;2.320730122014106e-06;8.551777160073955e-06
airthium.pdf;autres;0.9999850890371882;0.9999850890371882;4.610206600816584e-06;7.397550683224051e-06;2.9032055277678703e-06
aithra.pdf;france;0.9999905355480473;1.242607598358802e-06;8.149994110653674e-06;0.9999905355480473;7.185024370452902e-08
akryvia.pdf;france;0.9235189032939464;0.006639530599866482;0.020151900516932202;0.9235189032939464;0.049689665589254944
akvola.pdf;germany;0.6216698722877222;0.0037903710792422042;0.37415285150038174;0.0003869051326538406;0.6216698722877222
alberts.pdf;benelux;0.9999759621186072;6.1149089993550125e-06;0.9999759621186072;7.975660415956441e-06;9.947311977780117e-06
aloecell.pdf;benelux;0.8599622495927034;0.11468952417084605;0.8599622495927034;0.008590112634120928;0.016758113602329754
alouette.pdf;france;0.9999776205542458;2.5175254909088066e-06;1.9483364596128245e-05;0.9999776205542458;3.785556669851124e-07
aloxy.pdf;benelux;0.999952507843446;2.6189365934512194e-05;0.999952507843446;1.7618485430261336e-05;3.684305189157469e-06
altosolution.pdf;france;0.9999727584296937;2.0582478213894872e-05;6.109435782659984e-06;0.9999727584296937;5.496563096263734e-07
altransenergy.pdf;france;0.999995631567539;2.1765304769030445e-06;1.6398951835930454e-06;0.999995631567539;5.520068005561843e-07
amethyste.pdf;france;0.9999722662482606;5.341072743571243e-06;1.7470958463189584e-05;0.9999722662482606;4.921720532674521e-06
amflow.pdf;benelux;0.9999884028155012;3.7565046867511956e-06;0.9999884028155012;4.036594328608694e-06;3.8040854834402196e-06
amiraltechnologies.pdf;france;0.9999897587400653;4.50820707336728e-07;3.4247571758971646e-06;0.9999897587400653;6.365682051437746e-06
anabrid.pdf;germany;0.999984718890824;2.1574319080889825e-06;1.2662179408578288e-05;4.614978593881399e-07;0.999984718890824
ananke.pdf;france;0.9999980724536082;4.848411711273466e-07;6.52009164343028e-07;0.9999980724536082;7.906960564493176e-07
angara.pdf;benelux;0.5911994242684603;0.34219468839632894;0.5911994242684603;0.015288684254971957;0.051317203080238794
anisoprint.pdf;autres;0.6651284076141357;0.6651284076141357;0.20796444264066316;0.12297331463259305;0.003933835112608102
appsilon.pdf;benelux;0.9999718935652211;1.9758608027488055e-05;0.9999718935652211;5.4574259152241255e-06;2.890400836321221e-06
aprexsolutions.pdf;france;0.9999930396632439;3.2586132853377678e-06;3.4310890924884537e-06;0.9999930396632439;2.7063437815963515e-07
aquilae.pdf;france;0.9999713014481453;1.7644462113419866e-05;6.267352736679864e-06;0.9999713014481453;4.786737004459535e-06
aredox.pdf;france;0.9999770332920475;2.1721533091807254e-05;1.2231736074139646e-07;0.9999770332920475;1.1228574999867245e-06
arkcapturesolutions.pdf;benelux;0.9999791950367329;5.43667815801068e-06;0.9999791950367329;6.577174510430512e-06;8.791110598647434e-06
arkeocean.pdf;france;0.9997857091639583;0.00015877965777766467;4.8009762556683014e-05;0.9997857091639583;7.501415707459705e-06
askforthemoon.pdf;france;0.9999962450181584;1.6409663104170782e-06;1.586918824133652e-06;0.9999962450181584;5.270967071074211e-07
askforthemoon2.pdf;france;0.9999703300870324;9.893329750931384e-06;1.3937263859701806e-05;0.9999703300870324;5.839319356833845e-06
astriis.pdf;france;0.9999934609746888;5.6341043404268945e-06;8.660282184509885e-07;0.9999934609746888;3.8892752288464095e-08
atmocoat.pdf;germany;0.9999886601215426;1.386814721169538e-06;8.05637419658697e-06;1.8966895394414389e-06;0.9999886601215426
avoxt.pdf;benelux;0.9999645269334013;5.058350319445456e-06;0.9999645269334013;3.823422216948604e-06;2.6591294062200646e-05
awakemobility.pdf;france;0.7850356657614186;0.13306849127461112;0.07815079806205473;0.7850356657614186;0.003745044901915598
axfenergy.pdf;germany;0.9999942993006076;5.282158577490955e-07;2.6919043401831815e-06;2.480579194395914e-06;0.9999942993006076
azteq.pdf;benelux;0.999979344990736;3.041728645302256e-06;0.999979344990736;7.425383562528378e-07;1.6870742262318246e-05
azteq2.pdf;benelux;0.9999975240277224;1.060422747884215e-07;0.9999975240277224;2.3540818566900043e-06;1.5848145985090388e-08
batiprint3d.pdf;france;0.9999987500124409;7.709862337367706e-07;3.650694733181505e-07;0.9999987500124409;1.1393185207467793e-07
beagle.pdf;autres;0.9999856429813259;0.9999856429813259;2.264451869480274e-06;2.708834828150597e-07;1.1821683322001133e-05
bianergy2.pdf;benelux;0.9999847280736335;8.401953757464576e-06;0.9999847280736335;8.752837263313075e-07;5.994688882906434e-06
biocide.pdf;autres;0.9999834422666375;0.9999834422666375;4.341541392843671e-06;1.0834407097899409e-05;1.3817848716037826e-06
blixt.pdf;autres;0.9999749450430896;0.9999749450430896;8.030161802553909e-06;1.616246553116249e-05;8.623295767947484e-07
bloom.pdf;autres;0.9999837468389823;0.9999837468389823;3.5664924050752554e-06;4.307985090696352e-06;8.37868352190407e-06
bluepowersynergy.pdf;benelux;0.9999904769429155;6.4491164947895005e-06;0.9999904769429155;2.7250273266683513e-06;3.489132630812722e-07
bondzai.pdf;france;0.999931809325601;2.7818612541162937e-05;3.594902374947695e-05;0.999931809325601;4.423038108434987e-06
bonidriver.pdf;germany;0.9999826851610969;2.9259932506186986e-06;9.242241300789787e-06;5.14660435177378e-06;0.9999826851610969
borealesenergy.pdf;france;0.9999857212024229;6.500859011969876e-06;7.3498559316213275e-06;0.9999857212024229;4.280826335392691e-07
brighterbins.pdf;benelux;0.9999986812489166;9.106002328385174e-07;0.9999986812489166;3.7415357666724046e-07;3.399727390253791e-08
brolz.pdf;benelux;0.9999268967049779;4.447056297224618e-06;0.9999268967049779;6.860791295112681e-05;4.8325773642275745e-08
bulane.pdf;france;0.9999949116228339;4.511107504601087e-06;3.961003440031062e-07;0.9999949116228339;1.811693174403387e-07
carbodown.pdf;france;0.9999902058814429;1.1592708805988744e-06;6.031258600631589e-06;0.9999902058814429;2.603589075771094e-06
carbon8.pdf;autres;0.9999873755206924;0.9999873755206924;3.351354016467468e-06;3.5288792082139615e-06;5.744246083060595e-06
carbyon2.pdf;autres;0.9999782744779858;0.9999782744779858;1.782360487638233e-05;2.182994390134388e-06;1.7189227478909169e-06
chemalive.pdf;autres;0.999992171215591;0.999992171215591;4.413799838075025e-06;3.032550617208736e-06;3.8243395372838355e-07
chemicalnewtech.pdf;autres;0.9999840423955568;0.9999840423955568;3.199041320538493e-06;3.7095605611005098e-06;9.04900256139629e-06
cilkoa.pdf;france;0.9999652755988433;6.643935872019066e-06;1.5876391166589064e-05;0.9999652755988433;1.2204074118271855e-05
cixten.pdf;france;0.9999932001633245;6.041061741028113e-07;1.0168857723266278e-06;0.9999932001633245;5.178844729141337e-06
clhynn.pdf;france;0.9999989237866556;5.062961106494558e-07;5.263144794473444e-07;0.9999989237866556;4.3602754303463256e-08
cognifab.pdf;france;0.9999761193209045;3.657342050171962e-06;5.902864713084342e-06;0.9999761193209045;1.4320472332389464e-05
coldpad.pdf;france;0.9999707506108187;1.1623280540280627e-05;6.063402346268232e-06;0.9999707506108187;1.1562706294661732e-05
coldpad2.pdf;france;0.9999997452848524;1.1172271329887455e-07;1.2397051849715423e-07;0.9999997452848524;1.9021915903875852e-08
companionenergy.pdf;benelux;0.999998362251968;7.066205665243835e-07;0.999998362251968;4.4473551823781667e-07;4.86391947169917e-07
comppair.pdf;autres;0.9999798332211144;0.9999798332211144;4.461638580290238e-06;7.214426514654908e-06;8.49071379064621e-06
comsens.pdf;benelux;0.9999774048297522;4.512803750659554e-06;0.9999774048297522;2.832376949442089e-06;1.524998954782431e-05
condugo.pdf;benelux;0.9999966850378996;1.9403218675900708e-06;0.9999966850378996;1.3642461148358258e-06;1.0394117775794053e-08
cosmotech.pdf;france;0.9999545763313502;2.2565135026808085e-05;1.5308683942703182e-05;0.9999545763313502;7.549849680205469e-06
covess.pdf;benelux;0.9999750809614858;1.0983177687546771e-05;0.9999750809614858;9.97227496296959e-06;3.963585863804208e-06
credoxys.pdf;germany;0.9999921093870637;3.438696980927954e-06;1.447131128753438e-06;3.0047848266492764e-06;0.9999921093870637
ctrlenergy.pdf;france;0.9999645602895871;1.4412315625375437e-05;1.7018578898388755e-05;0.9999645602895871;4.008815889136432e-06
cybus.pdf;germany;0.9999826001659661;1.1889395320007958e-05;4.624503632475982e-06;8.859350814709581e-07;0.9999826001659661
dacma.pdf;germany;0.9999795157796074;3.3968241983163356e-06;1.48624769190488e-05;2.224919275332705e-06;0.9999795157796074
deephawk.pdf;france;0.9999727537675219;1.642127024705418e-06;2.135356106360988e-06;0.9999727537675219;2.3468749347019128e-05
deloq.pdf;benelux;0.9999901354634954;3.477283898526575e-06;0.9999901354634954;1.3906670069979616e-06;4.99658559910806e-06
diamfab.pdf;france;0.9999959185518578;1.7797964531726669e-06;1.7300714890864823e-06;0.9999959185518578;5.715802000302929e-07
dimpora.pdf;autres;0.9999955487156412;0.9999955487156412;6.170765817891947e-07;4.213436059491616e-07;3.412864171132646e-06
dionymer.pdf;france;0.9999974264427033;7.344124101064948e-07;3.3527700694166496e-07;0.9999974264427033;1.503867879740997e-06
dotocean.pdf;benelux;0.9999807427167721;8.686571300763991e-06;0.9999807427167721;9.853728230669262e-06;7.169836964145786e-07
dragonflypads2.pdf;france;0.9999839908356412;8.03576390433459e-06;5.7918448943814805e-06;0.9999839908356412;2.1815555601543766e-06
dronematrix.pdf;benelux;0.999999244622345;1.977507196709458e-07;0.999999244622345;5.453394381754664e-07;1.2287497056396684e-08
dropslab.pdf;benelux;0.999934791470934;1.3300592881873197e-05;0.999934791470934;4.2540389689871175e-05;9.367546493981218e-06
dryad.pdf;autres;0.5006271820136888;0.5006271820136888;0.30286324850052465;0.0037969723443403366;0.1927125971414462
ecellix.pdf;autres;0.9999923469575499;0.9999923469575499;4.2167480722454885e-06;2.2501521139738748e-06;1.18614226401654e-06
echemicles.pdf;autres;0.9999906171688963;0.9999906171688963;7.137293071881675e-06;7.180180182201409e-07;1.5275200134368133e-06
eco2grow.pdf;germany;0.9999730507015671;1.0854052004925732e-05;1.4952939021729608e-05;1.1423074063009258e-06;0.9999730507015671
ecobot.pdf;autres;0.999963925249158;0.999963925249158;5.287412221713818e-06;2.908403959646064e-05;1.703299023914005e-06
ecop.pdf;germany;0.5171329456380727;0.34555783717847555;0.018902734128146095;0.11840648305530573;0.5171329456380727
edgetech.pdf;france;0.9999967588267059;6.675056276039644e-08;4.1907831527060156e-07;0.9999967588267059;2.7553444161198813e-06
edock.pdf;benelux;0.999999055681815;1.677101991474994e-07;0.999999055681815;3.547726288915253e-07;4.218353569209222e-07
effectsphotonics.pdf;benelux;0.9862948831809893;0.00013364963468106574;0.9862948831809893;0.0005997844797512872;0.012971682704578262
effitrax.pdf;benelux;0.9999832369241637;3.0475057704862605e-08;0.9999832369241637;1.660430166473574e-05;1.282991139618249e-07
ehgroup.pdf;autres;0.9999799284549725;0.9999799284549725;6.550469928150414e-06;5.152279530716769e-06;8.368795568637046e-06
electriq.pdf;autres;0.999988850651289;0.999988850651289;5.342462087642974e-06;3.901623488866449e-06;1.9052631343928752e-06
electrochaea.pdf;germany;0.999983800147999;5.41853248969771e-06;6.540663395799759e-06;4.240656115419234e-06;0.999983800147999
elugie.pdf;benelux;0.9999961036864712;2.605480366935264e-07;0.9999961036864712;3.06551577299067e-06;5.702497190345118e-07
enadyne.pdf;germany;0.9999896131702274;6.198364032438228e-06;3.5182373764929284e-06;6.70228363799877e-07;0.9999896131702274
enhywhere2.pdf;france;0.9999335516664241;4.621672562032155e-06;5.9285029470695875e-05;0.9999335516664241;2.5416315431665077e-06
enosis.pdf;france;0.9999935278021896;1.264427833101132e-06;3.474627755774807e-06;0.9999935278021896;1.7331422215598466e-06
enow.pdf;benelux;0.9999885872098445;1.9517839095507662e-07;0.9999885872098445;1.0451922043742344e-05;7.656897208338701e-07
enprove.pdf;benelux;0.9999837566716661;4.730967751618022e-06;0.9999837566716661;9.634760927127895e-06;1.877599655132255e-06
entent.pdf;france;0.9999745904546459;3.0334363924041583e-06;1.940196068050905e-05;0.9999745904546459;2.9741482812733042e-06
entras.pdf;benelux;0.999981763498157;5.494687914224808e-06;0.999981763498157;5.340733533241802e-07;1.2207740575675795e-05
esnah.pdf;benelux;0.9999976928569093;1.997198999015167e-06;0.9999976928569093;2.0467770341298786e-07;1.0526638818131888e-07
eternalpower.pdf;germany;0.9999937979030383;9.81984273084841e-07;4.633058288190869e-06;5.870544004203486e-07;0.9999937979030383
ethernics.pdf;benelux;0.9999799797824611;3.8077414455910717e-06;0.9999799797824611;1.2523830600010629e-05;3.688645493300785e-06
everysens.pdf;france;0.9999788537115721;2.336650084966872e-06;8.258150898262077e-06;0.9999788537115721;1.055148744456861e-05
exanodia.pdf;france;0.999568047499766;0.00042916494809057913;2.5128450242440126e-06;0.999568047499766;2.7470711911570865e-07
exomatter.pdf;germany;0.9999715733908959;3.894498032410854e-06;2.3429934935934087e-05;1.102176135701241e-06;0.9999715733908959
extracthive.pdf;france;0.9999973011178636;1.8554393054819607e-06;3.0288822068330056e-07;0.9999973011178636;5.405546103645558e-07
farwind.pdf;france;0.9999916544582171;8.553071832231262e-07;3.260476023873263e-06;0.9999916544582171;4.229758575571164e-06
fibersail2.pdf;autres;0.9999209486542613;0.9999209486542613;1.0958116411846832e-06;7.500539633214289e-05;2.9501377654928923e-06
flasc.pdf;benelux;0.9999890962005938;8.941828613746926e-06;0.9999890962005938;2.0237308146180372e-07;1.7595977109727356e-06
flasc2.pdf;benelux;0.999993991961852;3.1631314050101493e-06;0.999993991961852;1.5425661960951659e-06;1.302340546843443e-06
flyability.pdf;autres;0.9999595048543949;0.9999595048543949;5.288203590969645e-06;3.490886317724422e-05;2.980788368455996e-07
flyability2.pdf;autres;0.9999877006319502;0.9999877006319502;7.72247724093972e-06;4.150482198518328e-06;4.2640861032076455e-07
followinspiration.pdf;autres;0.9999851465215646;0.9999851465215646;9.453537036358537e-06;4.710008224434989e-06;6.899331746562064e-07
forecastyai.pdf;germany;0.9999876576085519;8.437390339063441e-07;1.0503443762183075e-05;9.95208651973632e-07;0.9999876576085519
fountainfuel.pdf;benelux;0.9999897880888143;1.047687892986203e-06;0.9999897880888143;1.0828239868341706e-06;8.081399305961334e-06
genesink.pdf;france;0.9999372643444576;1.7593246330981386e-05;1.6665278049728604e-05;0.9999372643444576;2.8477131161803527e-05
genhy.pdf;france;0.999996725826788;1.27518916488298e-06;8.279667374686091e-07;0.999996725826788;1.171017309782402e-06
geolith.pdf;france;0.999991134372811;5.410754578086265e-06;3.3281314843262303e-06;0.999991134372811;1.2674112653540994e-07
ghyga.pdf;france;0.9999930170747316;1.1683790652707457e-06;2.6277304949727705e-06;0.9999930170747316;3.1868157080175987e-06
grandperspective.pdf;germany;0.9999891829825466;3.0056717553155786e-06;4.9835196387591415e-06;2.8278260593874346e-06;0.9999891829825466
gravithy.pdf;france;0.9999992340928727;2.0522777663656617e-07;3.8854587365826724e-07;0.9999992340928727;1.7213347700361104e-07
greengentech.pdf;france;0.9999985227365243;1.2706483933170466e-06;1.4845899440354815e-07;0.9999985227365243;5.8156088025967763e-08
greenyenergyag.pdf;autres;0.9999836540452961;0.9999836540452961;1.6530706280478282e-06;8.937487461560271e-07;1.3799135329758375e-05
grizit.pdf;benelux;0.9999903510816773;2.0836887838952823e-07;0.9999903510816773;1.819915876710942e-06;7.6206335676451e-06
grownbio.pdf;benelux;0.999972775503459;1.3212049243618242e-05;0.999972775503459;1.1246340948597709e-05;2.7661063489339676e-06
h2sys.pdf;france;0.9999789885709406;3.094631112073119e-07;3.8520084237994825e-06;0.9999789885709406;1.684995752456427e-05
hace.pdf;france;0.9999903174267021;9.089628299569751e-07;5.3110048068021465e-06;0.9999903174267021;3.4626056611902434e-06
hawaitech.pdf;france;0.9999967165473286;1.892222304868196e-06;1.2329415475508223e-06;0.9999967165473286;1.5828881907866178e-07
hbat.pdf;benelux;0.9999799007428137;7.128732841467981e-06;0.9999799007428137;1.311050314905634e-06;1.1659474029960995e-05
heliac.pdf;autres;0.9999894093582663;0.9999894093582663;3.69710971070732e-06;6.3747315973594345e-06;5.188004254536107e-07
heliup2.pdf;france;0.9999969995970576;1.20138019764678e-06;7.442677060819878e-07;0.9999969995970576;1.054755038736864e-06
hevatech.pdf;france;0.9999984377626491;6.197422927581105e-08;4.2655500857369306e-07;0.9999984377626491;1.0737081130821587e-06
hexana.pdf;france;0.9999836838460421;9.796449693877692e-06;2.8472346206589677e-06;0.9999836838460421;3.6724696432761748e-06
hexana2.pdf;france;0.9999937858114786;5.473712837813225e-06;4.3786705193236965e-07;0.9999937858114786;3.026086316447684e-07
highline.pdf;germany;0.9999774683132909;8.59581114284139e-06;6.28789183357551e-06;7.647983732638687e-06;0.9999774683132909
hiqutediamond.pdf;france;0.9999955275939211;6.982163252793505e-07;3.361629011379979e-06;0.9999955275939211;4.125607423121106e-07
hoeller.pdf;germany;0.999988877568421;4.739030009860119e-06;6.200301151644352e-06;1.8310041731664728e-07;0.999988877568421
holosolis.pdf;france;0.9999920925819077;7.095593348976553e-08;1.160839077700893e-08;0.9999920925819077;7.82485376805901e-06
holy.pdf;germany;0.9973105627926372;4.062315543831793e-06;0.002683967553926001;1.4073378930863518e-06;0.9973105627926372
huskk.pdf;benelux;0.9999690502092652;5.231798503231687e-07;0.9999690502092652;1.9843669096569975e-07;3.022817419340879e-05
hysilabs.pdf;france;0.9999867167155643;3.191811897367888e-06;7.1653081645012345e-06;0.9999867167155643;2.926164373801443e-06
hyve.pdf;benelux;0.9999799129716982;2.25055401045248e-06;0.9999799129716982;1.5098884309387744e-05;2.737589981916854e-06
hywaves.pdf;autres;0.9999836131513633;0.9999836131513633;4.2716172524726234e-06;8.898905477872967e-06;3.216325906483119e-06
icodos.pdf;germany;0.9999683752686575;5.356599167649663e-06;1.4765371105041296e-05;1.1502761069974248e-05;0.9999683752686575
imsystems.pdf;benelux;0.9999701576198343;1.0975769143934787e-05;0.9999701576198343;8.150211397653417e-06;1.0716399624147906e-05
independentlivingbase.pdf;france;0.9999959015723368;1.857174972171005e-06;2.2118369123317894e-06;0.9999959015723368;2.941577865660176e-08
ineratec.pdf;germany;0.9999971648682182;9.111448054755653e-07;1.8144882716215105e-06;1.0949870474108045e-07;0.9999971648682182
infiniciag.pdf;benelux;0.6926319159492613;0.20787875425677493;0.6926319159492613;0.062303502995637035;0.03718582679832685
inflights.pdf;benelux;0.9999722105370278;1.0473210534070022e-05;0.9999722105370278;1.5161243617057514e-05;2.155008820987875e-06
infrasolid.pdf;germany;0.9999912975488395;4.1051088895705515e-06;2.379114490545675e-06;2.218227780281668e-06;0.9999912975488395
inphocal.pdf;benelux;0.9999843885197739;3.549379924893593e-06;0.9999843885197739;8.519784914521704e-06;3.542315386858073e-06
insens.pdf;benelux;0.9999921464433834;2.8739578769289013e-08;0.9999921464433834;6.92794126088093e-06;8.968757770438908e-07
intelligentfluids.pdf;germany;0.9999820790993192;2.4541362425015357e-06;9.843258604257664e-06;5.623505834080701e-06;0.9999820790993192
internest.pdf;france;0.9999806939721886;1.7637586766825385e-05;1.5944280839950025e-06;0.9999806939721886;7.401296048017436e-08
inuse.pdf;france;0.9999104622414218;4.652121454128683e-05;3.47795931055096e-05;0.9999104622414218;8.236950931420059e-06
ionics.pdf;france;0.9981295473548719;0.0015683741101113716;0.00029656357823243623;0.9981295473548719;5.514956784248317e-06
ipsumtek.pdf;france;0.9999803939185333;1.5170669745099746e-05;3.586934395511306e-06;0.9999803939185333;8.484773261459675e-07
iqunet.pdf;benelux;0.9999957042971858;1.105686053754135e-06;0.9999957042971858;3.91444096364771e-07;2.798572664014786e-06
istya.pdf;france;0.9999800474335654;3.4368556374044307e-06;1.5821365957292803e-05;0.9999800474335654;6.943448397605689e-07
japet.pdf;france;0.99972268029194;5.575210197292973e-05;0.00022085221330245665;0.99972268029194;7.15392784545724e-07
keeyaerogel.pdf;france;0.9908409508464001;0.007795598873717815;0.0012752910409538046;0.9908409508464001;8.815923892830697e-05
keeyaerogel2.pdf;france;0.893528452825974;0.07069296738913632;0.0009303977547089899;0.893528452825974;0.03484818203018073
keiron.pdf;benelux;0.9858225249833593;0.00665264736087683;0.9858225249833593;0.007382969875923749;0.00014185777984022127
kemiwatt.pdf;france;0.9999984510044926;1.851711787459879e-07;9.18657957733236e-07;0.9999984510044926;4.451663710623416e-07
kheoos.pdf;france;0.999995500794362;1.690495016944886e-06;2.4573644007096683e-06;0.999995500794362;3.5134622034398567e-07
komugi.pdf;france;0.7084976146628666;0.28780755674391356;0.0015325095675134642;0.7084976146628666;0.0021623190257062897
kooping.pdf;france;0.9956046977755858;0.0005592569897753107;0.0035968762652543703;0.9956046977755858;0.00023916896938468396
lancey.pdf;france;0.5823373983457004;0.23188551218182665;0.18224220975230934;0.5823373983457004;0.0035348797201636838
laserco.pdf;benelux;0.9999820312511736;1.0438506060936241e-05;0.9999820312511736;4.366335168231819e-06;3.1639075969994556e-06
latannerievegetale.pdf;france;0.9906757859310973;0.0010299807270683964;0.006125117412379247;0.9906757859310973;0.0021691159294549007
leviathandynamics2.pdf;france;0.9999986368051992;9.15140887203865e-07;4.0317938505384925e-07;0.9999986368051992;4.487452864582913e-08
lichens.pdf;france;0.9999975898497583;5.16765124240725e-07;1.7939329646624624e-06;0.9999975898497583;9.945215284535589e-08
lionvolt.pdf;benelux;0.9821977273802118;0.017737919818523053;0.9821977273802118;1.930958579107631e-05;4.50432154742324e-05
lithcote.pdf;benelux;0.9999942264927002;1.404925653488812e-06;0.9999942264927002;3.882984917925765e-06;4.855967283822578e-07
litherm.pdf;germany;0.9999849254104713;1.684620382310224e-06;3.376193694707753e-07;1.3052349776906494e-05;0.9999849254104713
maana.pdf;benelux;0.9999830678236231;1.0096542823460485e-05;0.9999830678236231;5.414441427274359e-06;1.4211921260380234e-06
machine2humansolutions.pdf;germany;0.9999872185444295;5.498668320604608e-07;1.067093151743448e-05;1.5606572209155553e-06;0.9999872185444295
magreesource.pdf;france;0.999998527583277;2.7156098705663465e-07;8.47774175272225e-07;0.999998527583277;3.530815608349009e-07
manaa.pdf;benelux;0.999971879391878;9.149150750262359e-06;0.999971879391878;1.1989213645504989e-05;6.982243726066773e-06
mantispectra.pdf;autres;0.5120711350244453;0.5120711350244453;0.10474299600474468;0.37572450045275746;0.007461368518052569
mariepoppies.pdf;benelux;0.9783800867565764;0.0006270804605808786;0.9783800867565764;0.020992350733952874;4.82048889830751e-07
matvision.pdf;benelux;0.9999985836245167;7.215228219807446e-09;0.9999985836245167;1.3658688858851221e-06;4.329136942194941e-08
mcve.pdf;benelux;0.6428477285543723;0.10543919835576909;0.6428477285543723;0.24750056172585386;0.0042125113640047035
mcve3.pdf;france;0.9814629099134248;0.016690100802457048;0.0018443299978846911;0.9814629099134248;2.6592862334659368e-06
mcve4.pdf;france;0.9999759428525176;2.6084908123906624e-06;2.1184904971601318e-05;0.9999759428525176;2.6375169830300257e-07
meam.pdf;benelux;0.9999858316254437;4.6273654848247624e-06;0.9999858316254437;9.165687559085152e-07;8.624440315609329e-06
mecabotix.pdf;france;0.9999755348266853;6.122699876624918e-06;1.7659441600286772e-05;0.9999755348266853;6.830318376660529e-07
mecawareA.pdf;france;0.9999943095781304;1.0094656632711716e-06;3.6811908783664156e-06;0.9999943095781304;9.997653279773636e-07
metaliq.pdf;germany;0.9999984268707327;8.778761146358779e-07;2.1585103865203828e-07;4.79402113892711e-07;0.9999984268707327
mirsense.pdf;france;0.9999647689194332;7.133323071020901e-06;1.6899880638808995e-05;0.9999647689194332;1.1197876857011306e-05
mitis.pdf;benelux;0.9999833335194548;2.7934137884376906e-06;0.9999833335194548;1.1879141386642017e-05;1.9939253700849536e-06
mobenergy.pdf;france;0.9999746750184255;1.2546737356015074e-05;1.2357521954695132e-05;0.9999746750184255;4.2072226384394363e-07
mobilitywork.pdf;benelux;0.703985575128748;0.043737084370250985;0.703985575128748;0.24912763702615123;0.003149703474849699
mobito.pdf;france;0.5883418152348414;0.2599231133960035;0.14548625803771537;0.5883418152348414;0.006248813331439775
moiz.pdf;france;0.9999919260732574;4.5184883062673504e-06;2.899069233702742e-06;0.9999919260732574;6.563692028651656e-07
molecularplasmagroup.pdf;benelux;0.9999975067369697;1.6665640758050105e-06;0.9999975067369697;7.692140750622599e-07;5.7484879470331534e-08
muodim.pdf;france;0.9999983399285595;1.7273864591584914e-07;1.216176921706113e-06;0.9999983399285595;2.711558728315566e-07
myjiminy.pdf;france;0.999997558720368;1.4678427798436501e-06;7.659727511526347e-07;0.999997558720368;2.0746410094701031e-07
nanoz.pdf;france;0.9999792386386855;9.351537889604801e-06;6.860235153032268e-06;0.9999792386386855;4.549588271929196e-06
nature2need.pdf;germany;0.9999583912727676;7.052354887981354e-06;1.6252825350732453e-05;1.8303546993551376e-05;0.9999583912727676
neextengineering.pdf;france;0.9999953156910113;2.2534658300290456e-07;4.363831665310129e-06;0.9999953156910113;9.513074049441422e-08
nestwave.pdf;france;0.9999790457238785;7.536811911318111e-06;1.0471892606837121e-05;0.9999790457238785;2.9455716032001838e-06
neurala.pdf;autres;0.9020869799458937;0.9020869799458937;0.0013354186541344331;0.09618769533964502;0.0003899060603268392
nextind.pdf;autres;0.999985058759104;0.999985058759104;4.0790293401159854e-06;3.1949091234998382e-06;7.667302432178782e-06
nexwafe.pdf;germany;0.9999917657738447;2.8884279664673472e-06;1.7859073787315902e-06;3.559890809940005e-06;0.9999917657738447
nexxoil.pdf;germany;0.6092113467338298;0.006650371082660729;0.10263935221498588;0.28149892996852355;0.6092113467338298
nexxtlab.pdf;benelux;0.999986568769426;3.6258175720987125e-08;0.999986568769426;7.568090934587651e-06;5.826881463814257e-06
nimbleone.pdf;france;0.9999997109718595;1.4942309831511218e-07;1.3301260533711985e-07;0.9999997109718595;6.592436896184117e-09
nimesis.pdf;france;0.9999898994739899;5.135776998311258e-06;4.8156612826602845e-06;0.9999898994739899;1.490877289796325e-07
novacarbon.pdf;france;0.9999985359543957;7.713798745692212e-07;6.416696562430843e-07;0.9999985359543957;5.099607348060624e-08
novali3.pdf;benelux;0.999992900297606;6.322899525316153e-06;0.999992900297606;4.61421039560332e-07;3.1538182899879e-07
novocycle.pdf;autres;0.9999781579592933;0.9999781579592933;8.439078857385172e-06;7.970633461876876e-06;5.432328387368821e-06
novomof.pdf;autres;0.999989316361866;0.999989316361866;8.61187248225368e-06;1.6544025531659645e-06;4.173630985442611e-07
obeia.pdf;france;0.9999998104005421;9.616287959752545e-08;7.356096603945522e-08;0.9999998104005421;1.9875612275115802e-08
octofan.pdf;france;0.9999729009066718;4.882816078208281e-06;2.1563195960331187e-05;0.9999729009066718;6.530812895114545e-07
oghji.pdf;autres;0.9999821913382638;0.9999821913382638;1.1082664621408511e-06;1.6167808401103148e-05;5.325868729390997e-07
ollow.pdf;france;0.9999995944749712;1.0759938332199095e-07;3.8014894452443885e-08;0.9999995944749712;2.5991075108422814e-07
onewatt.pdf;benelux;0.9999841132313958;6.206405036207782e-06;0.9999841132313958;4.975849231891657e-06;4.704514336139096e-06
oppr.pdf;benelux;0.9999838344006832;1.9986766660123547e-06;0.9999838344006832;9.817071379741552e-06;4.3498512711883806e-06
otiv.pdf;benelux;0.9999955744745866;6.263220729059406e-07;0.9999955744745866;1.4313089966667e-06;2.3678943439178455e-06
otiv2.pdf;benelux;0.9999692830406868;1.0666922982262335e-05;0.9999692830406868;1.860729081764045e-05;1.4427455135295775e-06
ouat!.pdf;benelux;0.9999822727235916;4.928585014700227e-06;0.9999822727235916;1.1285029512762681e-05;1.5136618810553514e-06
oxylum.pdf;benelux;0.9999863955839114;2.893296209393947e-06;0.9999863955839114;3.6038653439913814e-06;7.107254534972662e-06
packwise.pdf;germany;0.9999955615326047;9.55142037106283e-07;3.3344924688976184e-06;1.488328892336441e-07;0.9999955615326047
pathrobotics.pdf;autres;0.9999870259010369;0.9999870259010369;3.5038058377314012e-06;4.563995222623976e-06;4.906297902765067e-06
pepps.pdf;benelux;0.9999086045833984;3.2511249803409817e-06;0.9999086045833984;8.662054555493163e-05;1.523746066313531e-06
phoenixai.pdf;benelux;0.9999987447903477;6.468654600664281e-07;0.9999987447903477;5.467103448945201e-07;6.16338472203128e-08
phytonics.pdf;germany;0.9999717146250593;5.5938537333437485e-06;7.838676928712657e-06;1.4852844278733723e-05;0.9999717146250593
polypea.pdf;benelux;0.9999540255364958;6.447833824472102e-06;0.9999540255364958;3.417096742826324e-05;5.3556622514414115e-06
powerlubecontrol.pdf;benelux;0.9999581958030926;1.6802454946672236e-06;0.9999581958030926;3.9886490278747e-05;2.374611337542279e-07
pozyx.pdf;benelux;0.9999918341221264;5.914665492728245e-06;0.9999918341221264;1.913178018105073e-06;3.38034362694071e-07
propellane.pdf;france;0.9999945982219032;5.709627138957168e-07;4.7466709009242185e-06;0.9999945982219032;8.414448211036594e-08
purenat2.pdf;france;0.9999697791296757;7.682947585632043e-06;2.0853923744338012e-05;0.9999697791296757;1.683998994214085e-06
pydro.pdf;germany;0.9999617855044357;5.199977505425059e-06;1.6000265685839915e-05;1.701425237302383e-05;0.9999617855044357
qualitics.pdf;benelux;0.9999728399595155;7.948155653950063e-08;0.9999728399595155;2.6918783064537006e-05;1.6177586338891305e-07
reeverse.pdf;france;0.9999997385036814;1.9691194727931416e-08;2.3310759469251466e-07;0.9999997385036814;8.697529105891503e-09
rein4ced.pdf;benelux;0.9999855485356213;1.7432809376709933e-06;0.9999855485356213;3.671434372849582e-08;1.2671469097285638e-05
rejuice.pdf;benelux;0.9999960933964933;2.4072310345403047e-06;0.9999960933964933;5.887622571960584e-07;9.106102147195783e-07
renewind.pdf;benelux;0.9999932118991527;1.1778021642530847e-06;0.9999932118991527;4.3109930920112594e-06;1.2993055908445875e-06
replace.pdf;france;0.9999768310620165;1.9498665787936435e-06;9.932128099859673e-06;0.9999768310620165;1.1286943304904562e-05
ridergy.pdf;germany;0.9999851784156689;1.7095214920042986e-06;1.256668454392352e-05;5.453782951656717e-07;0.9999851784156689
rift.pdf;benelux;0.9999718104317696;9.68455833275351e-06;0.9999718104317696;4.985406425937576e-06;1.3519603471465992e-05
roav7.pdf;france;0.9999915841277142;3.369025828686979e-06;5.0170789587315204e-06;0.9999915841277142;2.9767498317812345e-08
rosi.pdf;france;0.9999931929401943;5.975564609914238e-07;2.835147486489719e-06;0.9999931929401943;3.3743558582769353e-06
roth2.pdf;france;0.9999948006439294;3.5790484402474284e-06;5.31429703246919e-07;0.9999948006439294;1.088877927137148e-06
rovenso.pdf;autres;0.9999875751641565;0.9999875751641565;4.70911187580486e-06;6.862329705755657e-06;8.533942620975566e-07
sakowin.pdf;france;0.9999603712592433;1.3981955230482587e-05;1.843266975737048e-05;0.9999603712592433;7.214115768966238e-06
saturnetechnology.pdf;benelux;0.9999313208587639;3.359131272464627e-05;0.9999313208587639;3.286491251290226e-05;2.222915998440663e-06
senergetics.pdf;benelux;0.999979509233831;4.257702646142058e-06;0.999979509233831;4.724509609603439e-06;1.1508553913198096e-05
senodis.pdf;germany;0.9999905016217356;4.301636420753771e-06;7.47480156283356e-07;4.449261687379287e-06;0.9999905016217356
senorics.pdf;germany;0.9999848095123457;2.705320224700036e-06;5.119932638402135e-06;7.365234791232301e-06;0.9999848095123457
senseven.pdf;autres;0.9999685743912011;0.9999685743912011;1.1644359072544219e-05;7.361531709351867e-07;1.9045096555270233e-05
sereema.pdf;france;0.9999914057904068;4.972824754137165e-07;2.9073763053246974e-07;0.9999914057904068;7.806189487137465e-06
sesam.pdf;france;0.9977688994373969;3.755041759123478e-05;9.813454254750837e-06;0.9977688994373969;0.00218373669075727
shayp.pdf;benelux;0.9999754648881789;2.538761416478574e-06;0.9999754648881789;1.9018764727774598e-05;2.977585676768252e-06
sironatechnologies.pdf;benelux;0.9999880996784163;1.8957715041407873e-06;0.9999880996784163;7.794695836546766e-06;2.2098542431974306e-06
skydrone.pdf;france;0.9999937482185112;5.286898116141455e-06;9.045234245892923e-07;0.9999937482185112;6.035994795178207e-08
sogilis.pdf;france;0.9999862066356658;2.3518422333876386e-06;6.364321721173701e-06;0.9999862066356658;5.077200379555201e-06
soluterials.pdf;germany;0.9999927020089004;1.879162120397275e-06;5.226577028974671e-06;1.9225195027892665e-07;0.9999927020089004
soomiq.pdf;germany;0.9999927677759595;3.0480648068292958e-06;2.9975757620625853e-07;3.884401657535352e-06;0.9999927677759595
spark2.pdf;france;0.9999715909789192;7.887619051116423e-06;9.537411672242486e-07;0.9999715909789192;1.9567660862505444e-05
spotlight.pdf;france;0.9999839956102449;1.0831911578809904e-05;4.3365273627277985e-06;0.9999839956102449;8.35950813685333e-07
spreeinteractive.pdf;germany;0.9999864476831011;3.366750917257558e-06;6.4914656118626974e-06;3.694100369725411e-06;0.9999864476831011
squairtech.pdf;france;0.999964452495024;2.0027851920976346e-05;1.254520668636881e-05;0.999964452495024;2.974446368621964e-06
staaq.pdf;france;0.9999831788211144;3.799211256833366e-06;1.0458839003991628e-05;0.9999831788211144;2.5631286245202304e-06
stabilogreen.pdf;benelux;0.9999732211268517;9.122429560471988e-08;0.9999732211268517;2.6588120265250426e-05;9.952858746487408e-08
starcopter.pdf;germany;0.9999885513342012;1.7044407983901526e-06;3.6573091106628807e-06;6.086915889790804e-06;0.9999885513342012
stargate.pdf;autres;0.9999819044596101;0.9999819044596101;5.842951919989605e-06;5.214916628753499e-06;7.037671841046394e-06
storh.pdf;autres;0.9999940909196903;0.9999940909196903;1.9712084511623187e-07;4.461836419942768e-06;1.2501230447031532e-06
sublimeenergie.pdf;france;0.9999966435217903;1.0029432586084242e-06;2.2100994618194894e-06;0.9999966435217903;1.4343548919367436e-07
sunlion.pdf;benelux;0.9999890622721856;5.425707327109155e-07;0.9999890622721856;1.0321790647978962e-05;7.336643357174211e-08
sunmaxx.pdf;germany;0.999992907499568;2.7057942851311134e-06;1.492726120359161e-06;2.8939800263685694e-06;0.999992907499568
sunmaxx2.pdf;germany;0.9999867690141095;9.954437370610315e-06;1.2156006394689345e-06;2.0609478802632986e-06;0.9999867690141095
supairvision.pdf;france;0.9996417887769019;0.00019247906298635207;6.683859900831083e-05;0.9996417887769019;9.889356110346177e-05
swanh.pdf;france;0.999972493158665;8.437192358247182e-06;8.506041889817816e-06;0.999972493158665;1.0563607086983854e-05
swoopenergy.pdf;france;0.9999596652654438;2.7347272749697798e-05;1.1115773902022523e-05;0.9999596652654438;1.8716879045504886e-06
sylfen.pdf;france;0.9997921401254495;4.06414978522247e-05;4.9931765794238025e-06;0.9997921401254495;0.00016222520011890875
teeptrak2.pdf;france;0.9999820599295928;6.576193871829958e-07;1.630911127695293e-05;0.9999820599295928;9.733397430120661e-07
terakalis.pdf;france;0.9999925957605037;3.8892144880558866e-07;6.965246816943296e-06;0.9999925957605037;5.0071230524981564e-08
teratonics.pdf;france;0.9999797974860242;7.749347207575343e-06;9.25899389291352e-06;0.9999797974860242;3.194172875493739e-06
theyeq.pdf;france;0.9999854137843115;7.508826445594011e-06;4.092200514486849e-06;0.9999854137843115;2.9851887284599584e-06
threedy.pdf;germany;0.9999860432920873;1.982252402452265e-06;2.471572079558576e-06;9.502883430632384e-06;0.9999860432920873
tiamat.pdf;france;0.9999798550192817;8.327770388578612e-07;1.5019848588778596e-05;0.9999798550192817;4.292355090586612e-06
tihive.pdf;france;0.9999661585841962;5.5354058344268624e-06;1.0896840913977405e-05;0.9999661585841962;1.7409169055299584e-05
torwash.pdf;benelux;0.4209719682867417;0.3675556266114421;0.4209719682867417;0.19142100325942757;0.020051401842388534
tozero.pdf;germany;0.7279553087477014;0.008850419917104677;0.22935360485732903;0.03384066647786487;0.7279553087477014
tractonomy.pdf;benelux;0.4775182070256486;0.0919091011415355;0.4775182070256486;0.4007544647915022;0.02981822704131368
turbit.pdf;germany;0.9999905706122183;3.305765955472878e-06;3.0816296767008413e-06;3.0419921494824044e-06;0.9999905706122183
turbulent.pdf;benelux;0.9994781435628867;0.000250698911396953;0.9994781435628867;6.707283143195961e-05;0.00020408469428450193
twikit.pdf;benelux;0.9999775697010168;1.735248787365817e-05;0.9999775697010168;8.14594192556698e-07;4.263216916965553e-06
twinsity.pdf;germany;0.999982563314345;9.886107155423623e-06;5.0363748519563266e-06;2.5142036477490594e-06;0.999982563314345
uavia.pdf;france;0.9850152982417033;0.013571202059395302;0.0009577514668085907;0.9850152982417033;0.00045574823209281655
uware.pdf;benelux;0.9894231776981727;0.007402332286238988;0.9894231776981727;0.002470726943947089;0.0007037630716411245
uware2.pdf;benelux;0.9894231776981727;0.007402332286238988;0.9894231776981727;0.002470726943947089;0.0007037630716411245
uze.pdf;benelux;0.5095311374583423;0.48162539990110165;0.5095311374583423;0.0049712602768314205;0.0038722023637246827
v2i.pdf;benelux;0.8547203801856367;4.04660565276679e-07;0.8547203801856367;0.14527920142486417;1.372893386645788e-08
variolytics.pdf;germany;0.999987941839503;9.535398918302867e-07;1.0702689210089575e-05;4.0193139507980795e-07;0.999987941839503
vernaio.pdf;germany;0.9999883955020824;4.457698553064914e-06;6.388243617168447e-06;7.585557472801745e-07;0.9999883955020824
viridianlithium.pdf;france;0.9999333183544967;1.3271180808189063e-06;5.343761148913444e-07;0.9999333183544967;6.482015130759859e-05
visiontechnology.pdf;france;0.7843300888160247;0.0034060851635775006;0.0014986285885122848;0.7843300888160247;0.2107651974318856
visplore.pdf;autres;0.999983979757779;0.999983979757779;6.97710267276547e-07;4.7296150036028246e-07;1.4849570453473385e-05
vocsens.pdf;benelux;0.9999832067109662;9.548585604553825e-07;0.9999832067109662;2.144119155779689e-06;1.3694311317741691e-05
voleatech.pdf;germany;0.9999805450557137;5.840606133136554e-06;1.674747610101382e-06;1.1939590543175704e-05;0.9999805450557137
vulkam.pdf;france;0.9999874691709804;2.274654268749792e-06;4.150100173932077e-06;0.9999874691709804;6.10607457696327e-06
wainvame.pdf;france;0.9999940240919636;2.5469445608185625e-06;3.342844372088583e-06;0.9999940240919636;8.611910351381476e-08
waterhorizon.pdf;france;0.9969839881439857;0.002344571108971738;0.0005989035813598887;0.9969839881439857;7.253716568252084e-05
waterstuffsun.pdf;autres;0.8219861581030988;0.8219861581030988;0.041505286162181756;0.005938917427670082;0.13056963830704946
watt4ever.pdf;benelux;0.9999958746179853;3.010827569607565e-07;0.9999958746179853;3.777639775697599e-06;4.665948206670826e-08
wattalps.pdf;france;0.9999897413562971;1.2380974386261573e-06;5.687647513242859e-06;0.9999897413562971;3.3328987508328407e-06
wayout.pdf;autres;0.99999398594334;0.99999398594334;2.743650552077809e-07;3.038745899451571e-06;2.700945705341419e-06
wespran.pdf;france;0.9999958149512833;2.2503753931735516e-06;1.7941671947799487e-06;0.9999958149512833;1.405061287672301e-07
wiidetect.pdf;france;0.9999580220562625;1.1251814877413329e-06;3.029313451327419e-05;0.9999580220562625;1.05596277364002e-05
windfisher.pdf;france;0.9999958848206983;3.901328993671991e-06;4.519432331293811e-08;0.9999958848206983;1.6865598489924524e-07
