doc;predicted_country;confidence;proba_autres;proba_benelux;proba_france;proba_germany
247energy.pdf;benelux;0.9999917564783799;7.533525337221144e-06;0.9999917564783799;6.097811745840379e-07;1.0021510827692883e-07
actblade.pdf;autres;0.9999891158417201;0.9999891158417201;3.0618128000862787e-06;4.129331038950415e-06;3.6930144408579757e-06
actronika.pdf;autres;0.5170256451524451;0.5170256451524451;0.37042868144174934;0.05942015347900803;0.05312551992679754
adlatusrobotics.pdf;germany;0.9999975291185076;9.298692322550208e-07;1.0508638493074977e-06;4.901484109077882e-07;0.9999975291185076
adlc.pdf;benelux;0.9999984958271849;6.075036161317357e-07;0.9999984958271849;8.184947789213819e-07;7.817441986041899e-08
aerleum.pdf;france;0.9999624957366197;2.2220983027010044e-05;4.982300179854612e-06;0.9999624957366197;1.0300980173479937e-05
aiblox.pdf;benelux;0.9999660740321024;4.5890908401398075e-06;0.9999660740321024;8.102339969029536e-06;2.1234537088446512e-05
airbooster.pdf;france;0.9993088763568987;0.000610193679267878;4.8615021751882774e-05;0.9993088763568987;3.2314942081491196e-05
aircision.pdf;benelux;0.9999840883108746;5.289064333317996e-06;0.9999840883108746;2.0708454950461045e-06;8.55177929703656e-06
airthium.pdf;autres;0.9999854460502957;0.9999854460502957;4.610208246745312e-06;7.3975533242859894e-06;2.5461881332050073e-06
aithra.pdf;france;0.9999906528970451;1.2272006041453006e-06;8.048942972491668e-06;0.9999906528970451;7.095937816463015e-08
akryvia.pdf;france;0.9235189032939464;0.006639530599866482;0.020151900516932202;0.9235189032939464;0.049689665589254944
akvola.pdf;germany;0.6216698722877222;0.0037903710792422042;0.37415285150038174;0.0003869051326538406;0.6216698722877222
alberts.pdf;benelux;0.9999817518194766;4.642088105850294e-06;0.9999817518194766;6.054663831811321e-06;7.551428585790197e-06
aloecell.pdf;benelux;0.8792160051148667;0.09933800721880934;0.8792160051148667;0.00693099493235789;0.014514992733966099
alouette.pdf;france;0.9999776205542458;2.5175254909088066e-06;1.9483364596128245e-05;0.9999776205542458;3.785556669851124e-07
aloxy.pdf;benelux;0.9999572213408533;2.337010516668557e-05;0.9999572213408533;1.5597786321800326e-05;3.8107676580632935e-06
altosolution.pdf;france;0.9999825910290872;1.0749813342567933e-05;6.1094958559310455e-06;0.9999825910290872;5.496617143239025e-07
altransenergy.pdf;france;0.9999956314670783;2.1765304766843876e-06;1.6398951834282996e-06;0.9999956314670783;5.521072616776234e-07
amethyste.pdf;france;0.9999722662482606;5.341072743571243e-06;1.7470958463189584e-05;0.9999722662482606;4.921720532674521e-06
amflow.pdf;benelux;0.9999888507268735;3.886237836559766e-06;0.9999888507268735;3.6190467106686523e-06;3.6439885792347865e-06
amiraltechnologies.pdf;france;0.9999902103198667;4.468746714746938e-07;2.9771205358830724e-06;0.9999902103198667;6.365684926080622e-06
anabrid.pdf;germany;0.9999894914852107;1.7462714175635006e-06;8.380242122831605e-06;3.8200124883416703e-07;0.9999894914852107
ananke.pdf;france;0.9999980724536082;4.848411711273466e-07;6.52009164343028e-07;0.9999980724536082;7.906960564493176e-07
angara.pdf;benelux;0.5911994242684603;0.34219468839632894;0.5911994242684603;0.015288684254971957;0.051317203080238794
anisoprint.pdf;autres;0.6651284076141357;0.6651284076141357;0.20796444264066316;0.12297331463259305;0.003933835112608102
appsilon.pdf;benelux;0.9999795937411323;1.562178370866495e-05;0.9999795937411323;2.279764139019841e-06;2.5047110200604287e-06
aprexsolutions.pdf;france;0.9999930396632439;3.2586132853377678e-06;3.4310890924884537e-06;0.9999930396632439;2.7063437815963515e-07
aquilae.pdf;france;0.9999713014481453;1.7644462113419866e-05;6.267352736679864e-06;0.9999713014481453;4.786737004459535e-06
aredox.pdf;france;0.9999779416424157;2.0813181592393936e-05;1.2231747185096796e-07;0.9999779416424157;1.1228585199581735e-06
arkcapturesolutions.pdf;benelux;0.9999791950367329;5.43667815801068e-06;0.9999791950367329;6.577174510430512e-06;8.791110598647434e-06
arkeocean.pdf;france;0.9999835248625768;9.946169722767864e-06;5.650521618062605e-06;0.9999835248625768;8.78446082474226e-07
askforthemoon.pdf;france;0.9999962450181584;1.6409663104170782e-06;1.586918824133652e-06;0.9999962450181584;5.270967071074211e-07
askforthemoon2.pdf;france;0.9999703300870324;9.893329750931384e-06;1.3937263859701806e-05;0.9999703300870324;5.839319356833845e-06
astriis.pdf;france;0.9999934552075993;5.634104307934297e-06;8.660282134564936e-07;0.9999934552075993;4.4659879238217206e-08
atmocoat.pdf;germany;0.9999886398560027;1.3868146930646702e-06;8.056374033318346e-06;1.916955270816983e-06;0.9999886398560027
avoxt.pdf;benelux;0.9999645269334013;5.058350319445456e-06;0.9999645269334013;3.823422216948604e-06;2.6591294062200646e-05
awakemobility.pdf;france;0.7850356657614186;0.13306849127461112;0.07815079806205473;0.7850356657614186;0.003745044901915598
axfenergy.pdf;germany;0.9999942993006076;5.282158577490955e-07;2.6919043401831815e-06;2.480579194395914e-06;0.9999942993006076
azteq.pdf;benelux;0.999979344990736;3.041728645302256e-06;0.999979344990736;7.425383562528378e-07;1.6870742262318246e-05
azteq2.pdf;benelux;0.9999975240277224;1.060422747884215e-07;0.9999975240277224;2.3540818566900043e-06;1.5848145985090388e-08
batiprint3d.pdf;france;0.9999987251720253;7.169287417565412e-07;4.4017921644242545e-07;0.9999987251720253;1.1772001647729961e-07
beagle.pdf;autres;0.9999856429813259;0.9999856429813259;2.264451869480274e-06;2.708834828150597e-07;1.1821683322001133e-05
bianergy2.pdf;benelux;0.9999847280736335;8.401953757464576e-06;0.9999847280736335;8.752837263313075e-07;5.994688882906434e-06
biocide.pdf;autres;0.9999834422666375;0.9999834422666375;4.341541392843671e-06;1.0834407097899409e-05;1.3817848716037826e-06
blixt.pdf;autres;0.9999749450430896;0.9999749450430896;8.030161802553909e-06;1.616246553116249e-05;8.623295767947484e-07
bloom.pdf;autres;0.9999837468389823;0.9999837468389823;3.5664924050752554e-06;4.307985090696352e-06;8.37868352190407e-06
bluepowersynergy.pdf;benelux;0.999990476387958;6.4491164912104805e-06;0.999990476387958;2.7250273251560625e-06;3.494682255880627e-07
bondzai.pdf;france;0.9999440568897477;2.28221779908472e-05;2.949230546253039e-05;0.9999440568897477;3.6286267987534768e-06
bonidriver.pdf;germany;0.9999835332569712;2.9259957321844704e-06;8.394138579976627e-06;5.146608716663275e-06;0.9999835332569712
borealesenergy.pdf;france;0.9999857212024229;6.500859011969876e-06;7.3498559316213275e-06;0.9999857212024229;4.280826335392691e-07
brighterbins.pdf;benelux;0.9999986812489166;9.106002328385174e-07;0.9999986812489166;3.7415357666724046e-07;3.399727390253791e-08
brolz.pdf;benelux;0.9999271912936514;4.152447396887097e-06;0.9999271912936514;6.860793316371849e-05;4.8325787879542085e-08
bulane.pdf;france;0.9999949116228339;4.511107504601087e-06;3.961003440031062e-07;0.9999949116228339;1.811693174403387e-07
carbodown.pdf;france;0.9999940007348305;7.100969194556035e-07;3.694372233809704e-06;0.9999940007348305;1.5947960163359175e-06
carbon8.pdf;autres;0.9999873755206924;0.9999873755206924;3.351354016467468e-06;3.5288792082139615e-06;5.744246083060595e-06
carbyon2.pdf;autres;0.9999865402519084;0.9999865402519084;1.1124152793325346e-05;1.2368708344011076e-06;1.098724464034782e-06
chemalive.pdf;autres;0.999992171215591;0.999992171215591;4.413799838075025e-06;3.032550617208736e-06;3.8243395372838355e-07
chemicalnewtech.pdf;autres;0.9999881036485035;0.9999881036485035;2.828692579958699e-06;3.2801096899636555e-06;5.78754922669075e-06
cilkoa.pdf;france;0.9999652755988433;6.643935872019066e-06;1.5876391166589064e-05;0.9999652755988433;1.2204074118271855e-05
cixten.pdf;france;0.9999932001633245;6.041061741028113e-07;1.0168857723266278e-06;0.9999932001633245;5.178844729141337e-06
clhynn.pdf;france;0.9999976340815778;3.5969972551125504e-07;1.96518510257508e-06;0.9999976340815778;4.1033593934146555e-08
cognifab.pdf;france;0.9999761193209045;3.657342050171962e-06;5.902864713084342e-06;0.9999761193209045;1.4320472332389464e-05
coldpad.pdf;france;0.9999760172459639;9.530472206723923e-06;4.971667623355741e-06;0.9999760172459639;9.480614205984544e-06
coldpad2.pdf;france;0.9999996584954127;1.497901456868315e-07;1.6621116224490977e-07;0.9999996584954127;2.5503279237964357e-08
companionenergy.pdf;benelux;0.9999984274376899;6.400581346153477e-07;0.9999984274376899;4.461121964553791e-07;4.863919788757791e-07
comppair.pdf;autres;0.9999798332211144;0.9999798332211144;4.461638580290238e-06;7.214426514654908e-06;8.49071379064621e-06
comsens.pdf;benelux;0.9999774048297522;4.512803750659554e-06;0.9999774048297522;2.832376949442089e-06;1.524998954782431e-05
condugo.pdf;benelux;0.9999966850378996;1.9403218675900708e-06;0.9999966850378996;1.3642461148358258e-06;1.0394117775794053e-08
cosmotech.pdf;france;0.9999545763313502;2.2565135026808085e-05;1.5308683942703182e-05;0.9999545763313502;7.549849680205469e-06
covess.pdf;benelux;0.9999854729511578;6.6155497352543565e-06;0.9999854729511578;5.6906432301418896e-06;2.2208558766587488e-06
credoxys.pdf;germany;0.9999921093870637;3.438696980927954e-06;1.447131128753438e-06;3.0047848266492764e-06;0.9999921093870637
ctrlenergy.pdf;france;0.9999645602895871;1.4412315625375437e-05;1.7018578898388755e-05;0.9999645602895871;4.008815889136432e-06
cybus.pdf;germany;0.9999860607670913;8.920693695133675e-06;4.132601066194753e-06;8.859381473922445e-07;0.9999860607670913
dacma.pdf;germany;0.9999795157796074;3.3968241983163356e-06;1.48624769190488e-05;2.224919275332705e-06;0.9999795157796074
deephawk.pdf;france;0.9999727537675219;1.642127024705418e-06;2.135356106360988e-06;0.9999727537675219;2.3468749347019128e-05
deloq.pdf;benelux;0.9999901354634954;3.477283898526575e-06;0.9999901354634954;1.3906670069979616e-06;4.99658559910806e-06
diamfab.pdf;france;0.9999959185518578;1.7797964531726669e-06;1.7300714890864823e-06;0.9999959185518578;5.715802000302929e-07
dimpora.pdf;autres;0.999995638342329;0.999995638342329;5.298354502117473e-07;4.1895774375516434e-07;3.4128644770177193e-06
dionymer.pdf;france;0.9999980540600096;3.139473397607819e-07;2.975130536164826e-07;0.9999980540600096;1.3344795970912975e-06
dotocean.pdf;benelux;0.9999825598242907;7.86691082034432e-06;0.9999825598242907;8.923935411865729e-06;6.493294769638551e-07
dragonflypads2.pdf;france;0.9999839908356412;8.03576390433459e-06;5.7918448943814805e-06;0.9999839908356412;2.1815555601543766e-06
dronematrix.pdf;benelux;0.999999244622345;1.977507196709458e-07;0.999999244622345;5.453394381754664e-07;1.2287497056396684e-08
dropslab.pdf;benelux;0.9999757783983372;5.789841452173364e-06;0.9999757783983372;1.4354001461302044e-05;4.077758749381049e-06
dryad.pdf;autres;0.5057236174274737;0.5057236174274737;0.2957663257679199;0.0038356259073430913;0.19467443089726344
ecellix.pdf;autres;0.9999943016284072;0.9999943016284072;3.2650635448975447e-06;1.514868103181962e-06;9.184399444665672e-07
echemicles.pdf;autres;0.9999910932427314;0.9999910932427314;6.775155200569371e-06;6.815866269260786e-07;1.4500154412577266e-06
eco2grow.pdf;germany;0.9999730526193849;1.0920105248391784e-05;1.4884967958237403e-05;1.1423074084917224e-06;0.9999730526193849
ecobot.pdf;autres;0.9999840551493256;0.9999840551493256;2.3370084715980296e-06;1.2854992967276145e-05;7.528492354359006e-07
ecop.pdf;germany;0.5171329456380727;0.34555783717847555;0.018902734128146095;0.11840648305530573;0.5171329456380727
edgetech.pdf;france;0.9999967588267059;6.675056276039644e-08;4.1907831527060156e-07;0.9999967588267059;2.7553444161198813e-06
edock.pdf;benelux;0.999999055681815;1.677101991474994e-07;0.999999055681815;3.547726288915253e-07;4.218353569209222e-07
effectsphotonics.pdf;benelux;0.9862951928550826;0.00013364967664400212;0.9862951928550826;0.0005997846680699312;0.012971372800203518
effitrax.pdf;benelux;0.9999832369241637;3.0475057704862605e-08;0.9999832369241637;1.660430166473574e-05;1.282991139618249e-07
ehgroup.pdf;autres;0.9999809705667196;0.9999809705667196;5.5083440902923025e-06;5.1522849000755634e-06;8.368804290032268e-06
electriq.pdf;autres;0.999988850651289;0.999988850651289;5.342462087642974e-06;3.901623488866449e-06;1.9052631343928752e-06
electrochaea.pdf;germany;0.999983800147999;5.41853248969771e-06;6.540663395799759e-06;4.240656115419234e-06;0.999983800147999
elugie.pdf;benelux;0.9999961590738827;2.421577237739309e-07;0.9999961590738827;3.0655159427823155e-06;5.332524509124931e-07
enadyne.pdf;germany;0.9999896131702274;6.198364032438228e-06;3.5182373764929284e-06;6.70228363799877e-07;0.9999896131702274
enhywhere2.pdf;france;0.9999677472858589;4.621830613490496e-06;2.489854338206454e-05;0.9999677472858589;2.732340145336972e-06
enosis.pdf;france;0.9999935278021896;1.264427833101132e-06;3.474627755774807e-06;0.9999935278021896;1.7331422215598466e-06
enow.pdf;benelux;0.9999885872098445;1.9517839095507662e-07;0.9999885872098445;1.0451922043742344e-05;7.656897208338701e-07
enprove.pdf;benelux;0.999985935914713;4.096250016140807e-06;0.999985935914713;8.342138791743532e-06;1.6256964793325945e-06
entent.pdf;france;0.9999745904546459;3.0334363924041583e-06;1.940196068050905e-05;0.9999745904546459;2.9741482812733042e-06
entras.pdf;benelux;0.9999834402396601;5.085214323994407e-06;0.9999834402396601;4.748225182658824e-07;1.0999723497625028e-05
esnah.pdf;benelux;0.9999976928569093;1.997198999015167e-06;0.9999976928569093;2.0467770341298786e-07;1.0526638818131888e-07
eternalpower.pdf;germany;0.9999945601382739;8.596685521097386e-07;4.066262126127404e-06;5.139310478299375e-07;0.9999945601382739
ethernics.pdf;benelux;0.9999799797824611;3.8077414455910717e-06;0.9999799797824611;1.2523830600010629e-05;3.688645493300785e-06
everysens.pdf;france;0.9999788537115721;2.336650084966872e-06;8.258150898262077e-06;0.9999788537115721;1.055148744456861e-05
exanodia.pdf;france;0.9996543382021525;0.0003434084592827851;2.031277016050742e-06;0.9996543382021525;2.2206154849248102e-07
exomatter.pdf;germany;0.9999719597830082;3.5080964407978416e-06;2.342994398933349e-05;1.1021765615855126e-06;0.9999719597830082
extracthive.pdf;france;0.9999973011178636;1.8554393054819607e-06;3.0288822068330056e-07;0.9999973011178636;5.405546103645558e-07
farwind.pdf;france;0.9999915424474037;9.673188355877954e-07;3.2604756586616436e-06;0.9999915424474037;4.2297581017885115e-06
fibersail2.pdf;autres;0.9999209486542613;0.9999209486542613;1.0958116411846832e-06;7.500539633214289e-05;2.9501377654928923e-06
flasc.pdf;benelux;0.9999890962005938;8.941828613746926e-06;0.9999890962005938;2.0237308146180372e-07;1.7595977109727356e-06
flasc2.pdf;benelux;0.999993991961852;3.1631314050101493e-06;0.999993991961852;1.5425661960951659e-06;1.302340546843443e-06
flyability.pdf;autres;0.9999848177310037;0.9999848177310037;2.3367668244221504e-06;1.2739371656452538e-05;1.0613051564468968e-07
flyability2.pdf;autres;0.9999881692446346;0.9999881692446346;7.722480859835018e-06;3.681865695457314e-06;4.2640881014370575e-07
followinspiration.pdf;autres;0.9999910693344713;0.9999910693344713;5.683946538315756e-06;2.831896129433079e-06;4.14822860975103e-07
forecastyai.pdf;germany;0.9999907779369378;6.304300597964034e-07;7.848026952604194e-06;7.43606049691516e-07;0.9999907779369378
fountainfuel.pdf;benelux;0.9999897880888143;1.047687892986203e-06;0.9999897880888143;1.0828239868341706e-06;8.081399305961334e-06
genesink.pdf;france;0.9999668837656411;9.573087096978502e-06;9.06814781445265e-06;0.9999668837656411;1.4474999447442334e-05
genhy.pdf;france;0.9999968506558276;1.150359875853127e-06;8.2796684082324e-07;0.9999968506558276;1.1710174559598467e-06
geolith.pdf;france;0.9999943693998511;3.6638755131258604e-06;1.8809022790232663e-06;0.9999943693998511;8.582235681133299e-08
ghyga.pdf;france;0.9999930170747316;1.1683790652707457e-06;2.6277304949727705e-06;0.9999930170747316;3.1868157080175987e-06
grandperspective.pdf;germany;0.9999891829825466;3.0056717553155786e-06;4.9835196387591415e-06;2.8278260593874346e-06;0.9999891829825466
gravithy.pdf;france;0.9999992340928727;2.0522777663656617e-07;3.8854587365826724e-07;0.9999992340928727;1.7213347700361104e-07
greengentech.pdf;france;0.9999985227365243;1.2706483933170466e-06;1.4845899440354815e-07;0.9999985227365243;5.8156088025967763e-08
greenyenergyag.pdf;autres;0.9999836540452961;0.9999836540452961;1.6530706280478282e-06;8.937487461560271e-07;1.3799135329758375e-05
grizit.pdf;benelux;0.9999903510816773;2.0836887838952823e-07;0.9999903510816773;1.819915876710942e-06;7.6206335676451e-06
grownbio.pdf;benelux;0.999972775503459;1.3212049243618242e-05;0.999972775503459;1.1246340948597709e-05;2.7661063489339676e-06
h2sys.pdf;france;0.9999789810018643;3.364894333794517e-07;3.852008394642724e-06;0.9999789810018643;1.6830500307677336e-05
hace.pdf;france;0.9999903174497581;9.089628299779324e-07;5.310981750640466e-06;0.9999903174497581;3.462605661270078e-06
hawaitech.pdf;france;0.9999968879096914;1.7208597034999637e-06;1.232941758831293e-06;0.9999968879096914;1.5828884620349688e-07
hbat.pdf;benelux;0.9999799007428137;7.128732841467981e-06;0.9999799007428137;1.311050314905634e-06;1.1659474029960995e-05
heliac.pdf;autres;0.9999894093582663;0.9999894093582663;3.69710971070732e-06;6.3747315973594345e-06;5.188004254536107e-07
heliup2.pdf;france;0.9999970054506325;1.2019889135767005e-06;7.378054089261147e-07;0.9999970054506325;1.0547550449109702e-06
hevatech.pdf;france;0.9999984377626491;6.197422927581105e-08;4.2655500857369306e-07;0.9999984377626491;1.0737081130821587e-06
hexana.pdf;france;0.9999836838460421;9.796449693877692e-06;2.8472346206589677e-06;0.9999836838460421;3.6724696432761748e-06
hexana2.pdf;france;0.9999937858114786;5.473712837813225e-06;4.3786705193236965e-07;0.9999937858114786;3.026086316447684e-07
highline.pdf;germany;0.9999781457477344;7.883171204475097e-06;6.323092147461699e-06;7.647988913763029e-06;0.9999781457477344
hiqutediamond.pdf;france;0.9999955275939211;6.982163252793505e-07;3.361629011379979e-06;0.9999955275939211;4.125607423121106e-07
hoeller.pdf;germany;0.999988877568421;4.739030009860119e-06;6.200301151644352e-06;1.8310041731664728e-07;0.999988877568421
holosolis.pdf;france;0.9999920925413264;7.095593348688601e-08;1.1648972416144822e-08;0.9999920925413264;7.824853767741466e-06
holy.pdf;germany;0.9973105627926372;4.062315543831793e-06;0.002683967553926001;1.4073378930863518e-06;0.9973105627926372
huskk.pdf;benelux;0.9999690502092652;5.231798503231687e-07;0.9999690502092652;1.9843669096569975e-07;3.022817419340879e-05
hysilabs.pdf;france;0.9999871569021234;3.1918133023792474e-06;7.165311318615477e-06;0.9999871569021234;2.4859732557647328e-06
hyve.pdf;benelux;0.9999799129716982;2.25055401045248e-06;0.9999799129716982;1.5098884309387744e-05;2.737589981916854e-06
hywaves.pdf;autres;0.9999836131513633;0.9999836131513633;4.2716172524726234e-06;8.898905477872967e-06;3.216325906483119e-06
icodos.pdf;germany;0.9999764709453886;4.000297276893022e-06;1.0977154650566521e-05;8.5516026841013e-06;0.9999764709453886
imsystems.pdf;benelux;0.9999701576198343;1.0975769143934787e-05;0.9999701576198343;8.150211397653417e-06;1.0716399624147906e-05
independentlivingbase.pdf;france;0.9999969702414101;1.7241176476457022e-06;1.2789296224585021e-06;0.9999969702414101;2.671131979107196e-08
ineratec.pdf;germany;0.9999971648682182;9.111448054755653e-07;1.8144882716215105e-06;1.0949870474108045e-07;0.9999971648682182
infiniciag.pdf;benelux;0.6926319159492613;0.20787875425677493;0.6926319159492613;0.062303502995637035;0.03718582679832685
inflights.pdf;benelux;0.9999722105370278;1.0473210534070022e-05;0.9999722105370278;1.5161243617057514e-05;2.155008820987875e-06
infrasolid.pdf;germany;0.9999912975488395;4.1051088895705515e-06;2.379114490545675e-06;2.218227780281668e-06;0.9999912975488395
inphocal.pdf;benelux;0.9999843885197739;3.549379924893593e-06;0.9999843885197739;8.519784914521704e-06;3.542315386858073e-06
insens.pdf;benelux;0.9999921464433834;2.8739578769289013e-08;0.9999921464433834;6.92794126088093e-06;8.968757770438908e-07
intelligentfluids.pdf;germany;0.9999820790993192;2.4541362425015357e-06;9.843258604257664e-06;5.623505834080701e-06;0.9999820790993192
internest.pdf;france;0.9999806939721886;1.7637586766825385e-05;1.5944280839950025e-06;0.9999806939721886;7.401296048017436e-08
inuse.pdf;france;0.9999177112386516;4.652155180363989e-05;2.7530198898365777e-05;0.9999177112386516;8.23701064640129e-06
ionics.pdf;france;0.9981295473548719;0.0015683741101113716;0.00029656357823243623;0.9981295473548719;5.514956784248317e-06
ipsumtek.pdf;france;0.9999890129238;6.551626248713247e-06;3.586965311923902e-06;0.9999890129238;8.484846393198929e-07
iqunet.pdf;benelux;0.9999957042971858;1.105686053754135e-06;0.9999957042971858;3.91444096364771e-07;2.798572664014786e-06
istya.pdf;france;0.9999798314535248;3.652839245168718e-06;1.5821362540125358e-05;0.9999798314535248;6.943446897929499e-07
japet.pdf;france;0.9997296171680702;5.435751870264362e-05;0.00021532781528017556;0.9997296171680702;6.974979469753781e-07
keeyaerogel.pdf;france;0.9908409508464001;0.007795598873717815;0.0012752910409538046;0.9908409508464001;8.815923892830697e-05
keeyaerogel2.pdf;france;0.893528452825974;0.07069296738913632;0.0009303977547089899;0.893528452825974;0.03484818203018073
keiron.pdf;benelux;0.9858225249833593;0.00665264736087683;0.9858225249833593;0.007382969875923749;0.00014185777984022127
kemiwatt.pdf;france;0.9999985783760841;1.5912825923724242e-07;8.31559893369144e-07;0.9999985783760841;4.3093576332772796e-07
kheoos.pdf;france;0.9999955473337958;1.6904950956199208e-06;2.4573645150745305e-06;0.9999955473337958;3.048065933748991e-07
komugi.pdf;france;0.7084976146628666;0.28780755674391356;0.0015325095675134642;0.7084976146628666;0.0021623190257062897
kooping.pdf;france;0.9956046977755858;0.0005592569897753107;0.0035968762652543703;0.9956046977755858;0.00023916896938468396
lancey.pdf;france;0.5597129338398237;0.2617276260756959;0.17516189442698998;0.5597129338398237;0.0033975456574904324
laserco.pdf;benelux;0.9999848649288827;9.492516053196105e-06;0.9999848649288827;3.2232934709878644e-06;2.4192615930583633e-06
latannerievegetale.pdf;france;0.9906757859310973;0.0010299807270683964;0.006125117412379247;0.9906757859310973;0.0021691159294549007
leviathandynamics2.pdf;france;0.999998636060534;9.151408865223905e-07;4.031793847536152e-07;0.999998636060534;4.561919492072099e-08
lichens.pdf;france;0.9999975898497583;5.16765124240725e-07;1.7939329646624624e-06;0.9999975898497583;9.945215284535589e-08
lionvolt.pdf;benelux;0.9821975436234127;0.01773791649998211;0.9821975436234127;1.9309582178496503e-05;4.523029442676796e-05
lithcote.pdf;benelux;0.999994365281394;1.2661363534955654e-06;0.999994365281394;3.882985456843281e-06;4.855967957779825e-07
litherm.pdf;germany;0.9999849254104713;1.684620382310224e-06;3.376193694707753e-07;1.3052349776906494e-05;0.9999849254104713
maana.pdf;benelux;0.9999848996754873;9.004221884835233e-06;0.9999848996754873;4.828665895452794e-06;1.2674367323132014e-06
machine2humansolutions.pdf;germany;0.9999872185444295;5.498668320604608e-07;1.067093151743448e-05;1.5606572209155553e-06;0.9999872185444295
magreesource.pdf;france;0.9999985798976408;2.192465603155646e-07;8.477742196230569e-07;0.9999985798976408;3.5308157930616535e-07
manaa.pdf;benelux;0.999971879391878;9.149150750262359e-06;0.999971879391878;1.1989213645504989e-05;6.982243726066773e-06
mantispectra.pdf;autres;0.5120711350244453;0.5120711350244453;0.10474299600474468;0.37572450045275746;0.007461368518052569
mariepoppies.pdf;benelux;0.9783800867565764;0.0006270804605808786;0.9783800867565764;0.020992350733952874;4.82048889830751e-07
matvision.pdf;benelux;0.999998613283034;7.21522843380072e-09;0.999998613283034;1.3360636757014249e-06;4.343806195800051e-08
mcve.pdf;benelux;0.7802419859494355;0.0798904445626234;0.7802419859494355;0.13578684300599514;0.004080726481945892
mcve3.pdf;france;0.9814629099134248;0.016690100802457048;0.0018443299978846911;0.9814629099134248;2.6592862334659368e-06
mcve4.pdf;france;0.9999759428525176;2.6084908123906624e-06;2.1184904971601318e-05;0.9999759428525176;2.6375169830300257e-07
meam.pdf;benelux;0.9999845792072585;5.879795619518152e-06;0.9999845792072585;9.165676079648727e-07;8.624429514050399e-06
mecabotix.pdf;france;0.9999772362789401;5.670887872950776e-06;1.6409800187178828e-05;0.9999772362789401;6.83032999840546e-07
mecawareA.pdf;france;0.9999943095781304;1.0094656632711716e-06;3.6811908783664156e-06;0.9999943095781304;9.997653279773636e-07
metaliq.pdf;germany;0.9999984268707327;8.778761146358779e-07;2.1585103865203828e-07;4.79402113892711e-07;0.9999984268707327
mirsense.pdf;france;0.9999647689194332;7.133323071020901e-06;1.6899880638808995e-05;0.9999647689194332;1.1197876857011306e-05
mitis.pdf;benelux;0.9999833335194548;2.7934137884376906e-06;0.9999833335194548;1.1879141386642017e-05;1.9939253700849536e-06
mobenergy.pdf;france;0.999974674828037;1.2546737353626258e-05;1.2357521952342342e-05;0.999974674828037;4.2091265717596795e-07
mobilitywork.pdf;benelux;0.703985575128748;0.043737084370250985;0.703985575128748;0.24912763702615123;0.003149703474849699
mobito.pdf;france;0.5883418152348414;0.2599231133960035;0.14548625803771537;0.5883418152348414;0.006248813331439775
moiz.pdf;france;0.9999932370198966;3.7029027290081724e-06;2.4569358126096922e-06;0.9999932370198966;6.031415616650428e-07
molecularplasmagroup.pdf;benelux;0.9999975067369697;1.6665640758050105e-06;0.9999975067369697;7.692140750622599e-07;5.7484879470331534e-08
muodim.pdf;france;0.9999983399285595;1.7273864591584914e-07;1.216176921706113e-06;0.9999983399285595;2.711558728315566e-07
myjiminy.pdf;france;0.999997558720368;1.4678427798436501e-06;7.659727511526347e-07;0.999997558720368;2.0746410094701031e-07
nanoz.pdf;france;0.9999792386386855;9.351537889604801e-06;6.860235153032268e-06;0.9999792386386855;4.549588271929196e-06
nature2need.pdf;germany;0.9999843631535431;2.650049444968475e-06;6.107292029968525e-06;6.879504981935854e-06;0.9999843631535431
neextengineering.pdf;france;0.9999953152517825;2.253465829039254e-07;4.3638316633934e-06;0.9999953152517825;9.556997123099992e-08
nestwave.pdf;france;0.9999790457238785;7.536811911318111e-06;1.0471892606837121e-05;0.9999790457238785;2.9455716032001838e-06
neurala.pdf;autres;0.9020869799458937;0.9020869799458937;0.0013354186541344331;0.09618769533964502;0.0003899060603268392
nextind.pdf;autres;0.9999850227810808;0.9999850227810808;4.07902919335838e-06;3.1949090085516062e-06;7.703280717196645e-06
nexwafe.pdf;germany;0.9999917657738447;2.8884279664673472e-06;1.7859073787315902e-06;3.559890809940005e-06;0.9999917657738447
nexxoil.pdf;germany;0.6092113467338298;0.006650371082660729;0.10263935221498588;0.28149892996852355;0.6092113467338298
nexxtlab.pdf;benelux;0.999986568769426;3.6258175720987125e-08;0.999986568769426;7.568090934587651e-06;5.826881463814257e-06
nimbleone.pdf;france;0.9999997109320281;1.4942309830916042e-07;1.3301260533182177e-07;0.9999997109320281;6.632268311025247e-09
nimesis.pdf;france;0.9999905384012614;5.135780279732387e-06;4.1767306344510935e-06;0.9999905384012614;1.4908782423681052e-07
novacarbon.pdf;france;0.9999985359543957;7.713798745692212e-07;6.416696562430843e-07;0.9999985359543957;5.099607348060624e-08
novali3.pdf;benelux;0.9999945957446424;4.627451171779425e-06;0.9999945957446424;4.6142182188082035e-07;3.1538236371577366e-07
novocycle.pdf;autres;0.9999834126602185;0.9999834126602185;6.555973701742108e-06;6.19205771688708e-06;3.839308362595442e-06
novomof.pdf;autres;0.9999899763972713;0.9999899763972713;8.120712670212556e-06;1.5600472258282934e-06;3.4284283254388925e-07
obeia.pdf;france;0.9999998104005421;9.616287959752545e-08;7.356096603945522e-08;0.9999998104005421;1.9875612275115802e-08
octofan.pdf;france;0.9999729009066718;4.882816078208281e-06;2.1563195960331187e-05;0.9999729009066718;6.530812895114545e-07
oghji.pdf;autres;0.9999849625609054;0.9999849625609054;9.484926405974847e-07;1.3836967739160523e-05;2.519787148996046e-07
ollow.pdf;france;0.9999995555707742;1.1752178425156362e-07;4.1712930965490434e-08;0.9999995555707742;2.85194510555012e-07
onewatt.pdf;benelux;0.9999867020349137;4.801600490970533e-06;0.9999867020349137;4.6237338821148045e-06;3.872630713263684e-06
oppr.pdf;benelux;0.9999866666515435;1.9986823268575722e-06;0.9999866666515435;6.984802538465112e-06;4.3498635912575465e-06
otiv.pdf;benelux;0.9999955744745866;6.263220729059406e-07;0.9999955744745866;1.4313089966667e-06;2.3678943439178455e-06
otiv2.pdf;benelux;0.9999754114569387;8.538738890262531e-06;0.9999754114569387;1.4894904370380496e-05;1.1548998005902937e-06
ouat!.pdf;benelux;0.9999828427912071;4.928587824376741e-06;0.9999828427912071;1.071495822452032e-05;1.5136627439602676e-06
oxylum.pdf;benelux;0.9999868498949077;2.7966763857777546e-06;0.9999868498949077;3.4835165069997214e-06;6.869912199495628e-06
packwise.pdf;germany;0.9999955615326047;9.55142037106283e-07;3.3344924688976184e-06;1.488328892336441e-07;0.9999955615326047
pathrobotics.pdf;autres;0.9999870136522816;0.9999870136522816;3.51605470913385e-06;4.56399516671999e-06;4.906297842668245e-06
pepps.pdf;benelux;0.9999868207205285;2.5439472999086517e-06;0.9999868207205285;9.443028057126003e-06;1.1923041146016427e-06
phoenixai.pdf;benelux;0.9999987447903477;6.468654600664281e-07;0.9999987447903477;5.467103448945201e-07;6.16338472203128e-08
phytonics.pdf;germany;0.9999726878171893;4.620639519479428e-06;7.838684557467136e-06;1.4852858733813751e-05;0.9999726878171893
polypea.pdf;benelux;0.999954661255233;6.358675442515166e-06;0.999954661255233;3.3698463289858816e-05;5.2816060344784305e-06
powerlubecontrol.pdf;benelux;0.999961020838683;1.5666982034001732e-06;0.999961020838683;3.719104908061527e-05;2.2141403313436554e-07
pozyx.pdf;benelux;0.9999918341221264;5.914665492728245e-06;0.9999918341221264;1.913178018105073e-06;3.38034362694071e-07
propellane.pdf;france;0.9999964964396645;4.92215013740303e-07;2.9388061236477685e-06;0.9999964964396645;7.253919811248669e-08
purenat2.pdf;france;0.9999747912229725;5.7295953487862395e-06;1.802371940835216e-05;0.9999747912229725;1.4554622701331765e-06
pydro.pdf;germany;0.9999859670664637;1.9356753522838775e-06;5.76375598676436e-06;6.333502197199907e-06;0.9999859670664637
qualitics.pdf;benelux;0.9999728399595155;7.948155653950063e-08;0.9999728399595155;2.6918783064537006e-05;1.6177586338891305e-07
reeverse.pdf;france;0.9999997385036814;1.9691194727931416e-08;2.3310759469251466e-07;0.9999997385036814;8.697529105891503e-09
rein4ced.pdf;benelux;0.9999855485356213;1.7432809376709933e-06;0.9999855485356213;3.671434372849582e-08;1.2671469097285638e-05
rejuice.pdf;benelux;0.9999960933964933;2.4072310345403047e-06;0.9999960933964933;5.887622571960584e-07;9.106102147195783e-07
renewind.pdf;benelux;0.9999932118991527;1.1778021642530847e-06;0.9999932118991527;4.3109930920112594e-06;1.2993055908445875e-06
replace.pdf;france;0.9999768808855385;1.9011418569023555e-06;9.93212859472474e-06;0.9999768808855385;1.1285844009890155e-05
ridergy.pdf;germany;0.9999851346551584;1.7095214171936565e-06;1.2566683993990837e-05;5.89139430370738e-07;0.9999851346551584
rift.pdf;benelux;0.9999718104317696;9.68455833275351e-06;0.9999718104317696;4.985406425937576e-06;1.3519603471465992e-05
roav7.pdf;france;0.999991584438847;3.3689012766357016e-06;5.0168934785638085e-06;0.999991584438847;2.9766397820765007e-08
rosi.pdf;france;0.9999931929401943;5.975564609914238e-07;2.835147486489719e-06;0.9999931929401943;3.3743558582769353e-06
roth2.pdf;france;0.9999948006439294;3.5790484402474284e-06;5.31429703246919e-07;0.9999948006439294;1.088877927137148e-06
rovenso.pdf;autres;0.9999903506287169;0.9999903506287169;3.6858122659489745e-06;5.371131472245424e-06;5.924275449735688e-07
sakowin.pdf;france;0.9999675459472834;1.1594213648012084e-05;1.4877700080849928e-05;0.9999675459472834;5.982138987581399e-06
saturnetechnology.pdf;benelux;0.9999485763431927;2.515156867379141e-05;0.9999485763431927;2.4607674930784123e-05;1.664413202578664e-06
senergetics.pdf;benelux;0.999979509233831;4.257702646142058e-06;0.999979509233831;4.724509609603439e-06;1.1508553913198096e-05
senodis.pdf;germany;0.9999905016217356;4.301636420753771e-06;7.47480156283356e-07;4.449261687379287e-06;0.9999905016217356
senorics.pdf;germany;0.9999848095123457;2.705320224700036e-06;5.119932638402135e-06;7.365234791232301e-06;0.9999848095123457
senseven.pdf;autres;0.9999822562678297;0.9999822562678297;6.574713953912885e-06;4.156516039235538e-07;1.0753366612576877e-05
sereema.pdf;france;0.9999913810673419;4.972824631192638e-07;3.154609008962696e-07;0.9999913810673419;7.806189294142877e-06
sesam.pdf;france;0.9977688994373969;3.755041759123478e-05;9.813454254750837e-06;0.9977688994373969;0.00218373669075727
shayp.pdf;benelux;0.9999754648881789;2.538761416478574e-06;0.9999754648881789;1.9018764727774598e-05;2.977585676768252e-06
sironatechnologies.pdf;benelux;0.9999888874749018;1.8239931496525722e-06;0.9999888874749018;7.794701977253829e-06;1.4938299714078762e-06
skydrone.pdf;france;0.9999937482185112;5.286898116141455e-06;9.045234245892923e-07;0.9999937482185112;6.035994795178207e-08
sogilis.pdf;france;0.9999862066356658;2.3518422333876386e-06;6.364321721173701e-06;0.9999862066356658;5.077200379555201e-06
soluterials.pdf;germany;0.9999927020089004;1.879162120397275e-06;5.226577028974671e-06;1.9225195027892665e-07;0.9999927020089004
soomiq.pdf;germany;0.9999927677759595;3.0480648068292958e-06;2.9975757620625853e-07;3.884401657535352e-06;0.9999927677759595
spark2.pdf;france;0.9999715909789192;7.887619051116423e-06;9.537411672242486e-07;0.9999715909789192;1.9567660862505444e-05
spotlight.pdf;france;0.9999857430424096;9.994523795864195e-06;3.7026067129166977e-06;0.9999857430424096;5.598270816567768e-07
spreeinteractive.pdf;germany;0.9999864476831011;3.366750917257558e-06;6.4914656118626974e-06;3.694100369725411e-06;0.9999864476831011
squairtech.pdf;france;0.9999695160690378;1.9749054442342765e-05;8.204431603234677e-06;0.9999695160690378;2.5304449164321183e-06
staaq.pdf;france;0.9999831788211144;3.799211256833366e-06;1.0458839003991628e-05;0.9999831788211144;2.5631286245202304e-06
stabilogreen.pdf;benelux;0.9999732211268517;9.122429560471988e-08;0.9999732211268517;2.6588120265250426e-05;9.952858746487408e-08
starcopter.pdf;germany;0.9999885513342012;1.7044407983901526e-06;3.6573091106628807e-06;6.086915889790804e-06;0.9999885513342012
stargate.pdf;autres;0.9999831983552068;0.9999831983552068;5.425160044335744e-06;4.842031513568535e-06;6.5344532352851415e-06
storh.pdf;autres;0.9999940909196903;0.9999940909196903;1.9712084511623187e-07;4.461836419942768e-06;1.2501230447031532e-06
sublimeenergie.pdf;france;0.9999966435217903;1.0029432586084242e-06;2.2100994618194894e-06;0.9999966435217903;1.4343548919367436e-07
sunlion.pdf;benelux;0.9999890622721856;5.425707327109155e-07;0.9999890622721856;1.0321790647978962e-05;7.336643357174211e-08
sunmaxx.pdf;germany;0.9999927266624976;2.7057937958197314e-06;1.6735642034879414e-06;2.893979503025988e-06;0.9999927266624976
sunmaxx2.pdf;germany;0.9999867690141095;9.954437370610315e-06;1.2156006394689345e-06;2.0609478802632986e-06;0.9999867690141095
supairvision.pdf;france;0.9996417887769019;0.00019247906298635207;6.683859900831083e-05;0.9996417887769019;9.889356110346177e-05
swanh.pdf;france;0.999972493158665;8.437192358247182e-06;8.506041889817816e-06;0.999972493158665;1.0563607086983854e-05
swoopenergy.pdf;france;0.9999709469429595;1.9906173617876663e-05;8.091209943162172e-06;0.9999709469429595;1.055673479494538e-06
sylfen.pdf;france;0.9997921401254495;4.06414978522247e-05;4.9931765794238025e-06;0.9997921401254495;0.00016222520011890875
teeptrak2.pdf;france;0.9999820597961103;6.576193870952136e-07;1.6309111274775912e-05;0.9999820597961103;9.734732277415393e-07
terakalis.pdf;france;0.9999925957605037;3.8892144880558866e-07;6.965246816943296e-06;0.9999925957605037;5.0071230524981564e-08
teratonics.pdf;france;0.9999797974860242;7.749347207575343e-06;9.25899389291352e-06;0.9999797974860242;3.194172875493739e-06
theyeq.pdf;france;0.9999805362999845;6.934420801615158e-06;9.772449639244363e-06;0.9999805362999845;2.7568295745504142e-06
threedy.pdf;germany;0.9999867987828989;1.982253900046643e-06;2.471573946834633e-06;8.747389254290523e-06;0.9999867987828989
tiamat.pdf;france;0.9999798550192817;8.327770388578612e-07;1.5019848588778596e-05;0.9999798550192817;4.292355090586612e-06
tihive.pdf;france;0.9999661585841962;5.5354058344268624e-06;1.0896840913977405e-05;0.9999661585841962;1.7409169055299584e-05
torwash.pdf;benelux;0.4209719682867417;0.3675556266114421;0.4209719682867417;0.19142100325942757;0.020051401842388534
tozero.pdf;germany;0.7279553087477014;0.008850419917104677;0.22935360485732903;0.03384066647786487;0.7279553087477014
tractonomy.pdf;benelux;0.46675659465725416;0.08983778719986701;0.46675659465725416;0.41425939102996634;0.02914622711291271
turbit.pdf;germany;0.9999905706122183;3.305765955472878e-06;3.0816296767008413e-06;3.0419921494824044e-06;0.9999905706122183
turbulent.pdf;benelux;0.9994781435628867;0.000250698911396953;0.9994781435628867;6.707283143195961e-05;0.00020408469428450193
twikit.pdf;benelux;0.9999775697010168;1.735248787365817e-05;0.9999775697010168;8.14594192556698e-07;4.263216916965553e-06
twinsity.pdf;germany;0.999982563314345;9.886107155423623e-06;5.0363748519563266e-06;2.5142036477490594e-06;0.999982563314345
uavia.pdf;france;0.9850152982417033;0.013571202059395302;0.0009577514668085907;0.9850152982417033;0.00045574823209281655
uware.pdf;benelux;0.9894231776981727;0.007402332286238988;0.9894231776981727;0.002470726943947089;0.0007037630716411245
uware2.pdf;benelux;0.9894231776981727;0.007402332286238988;0.9894231776981727;0.002470726943947089;0.0007037630716411245
uze.pdf;benelux;0.5095311374583423;0.48162539990110165;0.5095311374583423;0.0049712602768314205;0.0038722023637246827
v2i.pdf;benelux;0.8547203801856367;4.04660565276679e-07;0.8547203801856367;0.14527920142486417;1.372893386645788e-08
variolytics.pdf;germany;0.9999898856686952;9.621347651569775e-07;8.75026436317306e-06;4.0193217637520797e-07;0.9999898856686952
vernaio.pdf;germany;0.9999883955020824;4.457698553064914e-06;6.388243617168447e-06;7.585557472801745e-07;0.9999883955020824
viridianlithium.pdf;france;0.9999333183544967;1.3271180808189063e-06;5.343761148913444e-07;0.9999333183544967;6.482015130759859e-05
visiontechnology.pdf;france;0.7843300888160247;0.0034060851635775006;0.0014986285885122848;0.7843300888160247;0.2107651974318856
visplore.pdf;autres;0.9999839794177499;0.9999839794177499;6.977102670393014e-07;4.7330153470431127e-07;1.4849570448424018e-05
vocsens.pdf;benelux;0.9999837654839818;9.230869881121199e-07;0.9999837654839818;2.072776613866527e-06;1.323865241626492e-05
voleatech.pdf;germany;0.9999811130307475;5.8406094505195605e-06;1.674748561334719e-06;1.1371611240640495e-05;0.9999811130307475
vulkam.pdf;france;0.9999877890852866;2.2741908724625178e-06;3.8306473105841115e-06;0.9999877890852866;6.106076530408361e-06
wainvame.pdf;france;0.9999940240919636;2.5469445608185625e-06;3.342844372088583e-06;0.9999940240919636;8.611910351381476e-08
waterhorizon.pdf;france;0.9969839881439857;0.002344571108971738;0.0005989035813598887;0.9969839881439857;7.253716568252084e-05
waterstuffsun.pdf;autres;0.8217723871041271;0.8217723871041271;0.04149449203092051;0.006197439336543385;0.13053568152840894
watt4ever.pdf;benelux;0.9999959147873186;2.608003095942736e-07;0.9999959147873186;3.777639927443496e-06;4.677244451691204e-08
wattalps.pdf;france;0.9999899503183226;1.0291335282616325e-06;5.687648701757396e-06;0.9999899503183226;3.3328994472892593e-06
wayout.pdf;autres;0.99999398594334;0.99999398594334;2.743650552077809e-07;3.038745899451571e-06;2.700945705341419e-06
wespran.pdf;france;0.9999955748804382;2.490446702861921e-06;1.7941667640509112e-06;0.9999955748804382;1.4050609503566385e-07
wiidetect.pdf;france;0.9999968061324757;1.627312324975648e-06;5.706386320320001e-07;0.9999968061324757;9.959165673649375e-07
windfisher.pdf;france;0.9999968163879893;3.0312376034026016e-06;3.5114888415901453e-08;0.9999968163879893;1.172595188769591e-07
