doc;predicted_country;confidence;proba_autres;proba_benelux;proba_france;proba_germany
247energy.pdf;benelux;0.9999917564783799;7.533525337221144e-06;0.9999917564783799;6.097811745840379e-07;1.0021510827692883e-07
actronika.pdf;autres;0.48233741052571094;0.48233741052571094;0.3867361554088548;0.06974593118612378;0.06118050287931047
adlatusrobotics.pdf;germany;0.9999977536472585;7.05340135269471e-07;1.0508640852572283e-06;4.901485209604706e-07;0.9999977536472585
adlc.pdf;benelux;0.9999985407542009;5.596709525966687e-07;0.9999985407542009;8.184948156939652e-07;8.10800306486867e-08
aerleum.pdf;france;0.9999630785348398;2.2178477333363584e-05;5.38867281782626e-06;0.9999630785348398;9.354315009039462e-06
aiblox.pdf;benelux;0.9999641845221064;4.3496710126037985e-06;0.9999641845221064;8.690313704877169e-06;2.2775493176269637e-05
airbooster.pdf;france;0.9962720760924204;0.003516134981306917;0.00020265415895523727;0.9962720760924204;9.134767317488891e-06
aircision.pdf;benelux;0.9999725478916603;8.87004012271971e-06;0.9999725478916603;3.43843826665422e-06;1.5143629950079743e-05
airthium.pdf;autres;0.9999842323125635;0.9999842323125635;4.996578869000645e-06;8.017524728633997e-06;2.7535838387375982e-06
aithra.pdf;france;0.9999903562655823;1.2272002401155875e-06;8.34557482056646e-06;0.9999903562655823;7.095935711564925e-08
akryvia.pdf;france;0.9235189032939464;0.006639530599866482;0.020151900516932202;0.9235189032939464;0.049689665589254944
akvola.pdf;benelux;0.5582145068498967;0.0020984944938172573;0.5582145068498967;0.0003201864989338229;0.4393668121573522
alberts.pdf;benelux;0.999966772631458;1.0416336288941216e-05;0.999966772631458;9.644313501200204e-06;1.3166718751817772e-05
aloecell.pdf;benelux;0.8704312801789555;0.10212633234634388;0.8704312801789555;0.007337738570648514;0.020104648904051937
alouette.pdf;france;0.9999115918314205;2.159127193717354e-05;6.647326871885737e-05;0.9999115918314205;3.436279234022466e-07
aloxy.pdf;benelux;0.9999572213408533;2.337010516668557e-05;0.9999572213408533;1.5597786321800326e-05;3.8107676580632935e-06
altosolution.pdf;france;0.9999792628968186;1.5187352242217774e-05;4.931993523761721e-06;0.9999792628968186;6.177574153849757e-07
altransenergy.pdf;france;0.9999951061441597;2.1765293332980504e-06;2.165219535481138e-06;0.9999951061441597;5.521069716417583e-07
amethyste.pdf;france;0.9999725853294572;4.887265495151944e-06;1.7605682944494436e-05;0.9999725853294572;4.921722103146553e-06
amflow.pdf;benelux;0.9998647561012136;9.163917077413887e-05;0.9998647561012136;3.6409266304395104e-05;7.195461707787711e-06
amiraltechnologies.pdf;france;0.9999897626862625;4.4687447143661573e-07;3.42475718941207e-06;0.9999897626862625;6.36568207655824e-06
anabrid.pdf;germany;0.999984605773197;2.6058074146029457e-06;1.2220826562286115e-05;5.675928261467208e-07;0.999984605773197
ananke.pdf;france;0.9999980333342275;5.338080429133878e-07;6.421617040387922e-07;0.9999980333342275;7.906960255177181e-07
angara.pdf;benelux;0.7350926343982815;0.22095114974017338;0.7350926343982815;0.009871726472381976;0.03408448938916328
anisoprint.pdf;autres;0.7212771819733269;0.7212771819733269;0.15528146770798018;0.11917542892383383;0.004265921394859087
appsilon.pdf;benelux;0.9999730589681008;1.9157408755569834e-05;0.9999730589681008;4.981169134185904e-06;2.8024540095037324e-06
aprexsolutions.pdf;france;0.9999800860487559;1.6271408163308826e-05;1.8318443727831194e-06;0.9999800860487559;1.8106987079493816e-06
aquilae.pdf;france;0.999778696259771;0.00010744560203307664;0.00011014272550385315;0.999778696259771;3.7154126920206425e-06
aredox.pdf;france;0.9999126675763854;8.222001594079749e-05;1.618852980433678e-06;0.9999126675763854;3.493554693222822e-06
arkcapturesolutions.pdf;benelux;0.9999756547340427;6.351804819431907e-06;0.9999756547340427;7.684274761058096e-06;1.0309186377004723e-05
arkeocean.pdf;france;0.9997857091639583;0.00015877965777766467;4.8009762556683014e-05;0.9997857091639583;7.501415707459705e-06
askforthemoon.pdf;france;0.9999958219778328;1.6409656162195493e-06;2.010016451050348e-06;0.9999958219778328;5.270401001384043e-07
askforthemoon2.pdf;france;0.9999703300870324;9.893329750931384e-06;1.3937263859701806e-05;0.9999703300870324;5.839319356833845e-06
astriis.pdf;france;0.9999040547349618;9.229693157207256e-05;3.553483794919173e-06;0.9999040547349618;9.484967119164948e-08
atmocoat.pdf;germany;0.9999851750620604;1.8079881263538425e-06;1.0481359831829813e-05;2.5355899814508637e-06;0.9999851750620604
avoxt.pdf;benelux;0.9999574003020454;6.899204276044099e-06;0.9999574003020454;4.535073820450209e-06;3.1165419858009786e-05
awakemobility.pdf;france;0.7588058845034028;0.13118608052656636;0.10592785997485313;0.7588058845034028;0.004080174995177594
axfenergy.pdf;germany;0.999994650716976;5.282160433738522e-07;2.357450685184044e-06;2.4636162954490197e-06;0.999994650716976
azteq.pdf;benelux;0.9996435108676275;4.94139916721965e-05;0.9996435108676275;1.3504080963393065e-05;0.00029357105973689226
azteq2.pdf;benelux;0.9999970043738765;1.2715792730947877e-07;0.9999970043738765;2.8497031877351744e-06;1.8765008477568497e-08
batiprint3d.pdf;france;0.999999127724532;5.446869601354414e-07;2.755385469772629e-07;0.999999127724532;5.204996095167617e-08
beagle.pdf;autres;0.999970752630993;0.999970752630993;4.550019007402192e-06;5.337397231909172e-07;2.416361027636478e-05
bianergy2.pdf;benelux;0.9999848231944543;8.40195455667752e-06;0.9999848231944543;7.801615361077172e-07;5.99468945313487e-06
biocide.pdf;autres;0.9999057856254308;0.9999057856254308;2.2741680640019435e-05;6.545607738902454e-05;6.016616540290196e-06
blixt.pdf;autres;0.9999363116316003;0.9999363116316003;2.0412244372136242e-05;4.108412808984651e-05;2.191995937772645e-06
bloom.pdf;autres;0.9999819760810689;0.9999819760810689;3.955056490725162e-06;4.777333710471287e-06;9.291528729987416e-06
bluepowersynergy.pdf;benelux;0.9999889133764055;7.2663377801708275e-06;0.9999889133764055;3.3860459584567662e-06;4.342398558494268e-07
bondzai.pdf;france;0.9999324496596517;2.6337909932860104e-05;3.703005596424386e-05;0.9999324496596517;4.18237445117177e-06
bonidriver.pdf;germany;0.9999772004057766;3.0723377530003505e-06;1.4323243031037455e-05;5.404013439322527e-06;0.9999772004057766
borealesenergy.pdf;france;0.9997558948520624;0.00022944073334866838;1.352215333023727e-05;0.9997558948520624;1.1422612585760143e-06
brighterbins.pdf;benelux;0.9999966896882856;2.9021542841570273e-06;0.9999966896882856;3.7415283151672456e-07;3.400459872768273e-08
brolz.pdf;benelux;0.9849943429411411;2.251615973237679e-05;0.9849943429411411;0.014983010701717266;1.3019740911399852e-07
bulane.pdf;france;0.9999971142030032;2.3692067180271314e-06;4.030259549916406e-07;0.9999971142030032;1.1356432374073273e-07
carbodown.pdf;france;0.9999805508070225;2.3503226148577177e-06;9.354150853381611e-06;0.9999805508070225;7.744719509381626e-06
carbon8.pdf;autres;0.9999803670404005;0.9999803670404005;5.102842175215886e-06;5.023536720872166e-06;9.50658070335489e-06
carbyon2.pdf;autres;0.9999757030537144;0.9999757030537144;2.0519250290604097e-05;2.1134967434588038e-06;1.6641992514241245e-06
chemalive.pdf;autres;0.9999910109766873;0.9999910109766873;4.530554756335077e-06;4.069040815880825e-06;3.8942774069447873e-07
chemicalnewtech.pdf;autres;0.9999846126430945;0.9999846126430945;3.0847299885164333e-06;3.577006846888241e-06;8.725620070100645e-06
cilkoa.pdf;france;0.9991569420548412;8.747434906718447e-05;0.0004384154661866722;0.9991569420548412;0.000317168129904746
cixten.pdf;france;0.9999772816562302;1.3526716161392047e-06;3.36815288705387e-06;0.9999772816562302;1.7997519266724004e-05
clhynn.pdf;france;0.9999975816638641;4.12117544410006e-07;1.965184999564326e-06;0.9999975816638641;4.1033591783254285e-08
cognifab.pdf;france;0.9999761193209045;3.657342050171962e-06;5.902864713084342e-06;0.9999761193209045;1.4320472332389464e-05
coldpad.pdf;france;0.9991638673593405;0.0005742160774732186;0.0002585622786086294;0.9991638673593405;3.3542845775424675e-06
coldpad2.pdf;france;0.9999996839569376;1.7762835005050252e-07;6.195822356428622e-08;0.9999996839569376;7.645648876771942e-08
companionenergy.pdf;benelux;0.9999983360804388;7.327921202188467e-07;0.9999983360804388;4.4473550659838897e-07;4.86391934440275e-07
comppair.pdf;autres;0.9999773086519137;0.9999773086519137;5.020166811663276e-06;8.117561273127187e-06;9.553620001277882e-06
comsens.pdf;benelux;0.9999744619346111;4.512790469651237e-06;0.9999744619346111;3.0823310556557532e-06;1.794294386344583e-05
condugo.pdf;benelux;0.999994096355679;2.8209936198795213e-06;0.999994096355679;3.0696462755494292e-06;1.3004425588158804e-08
cosmotech.pdf;france;0.9999532413122255;2.3150461689216806e-05;1.5705782425269624e-05;0.9999532413122255;7.90244365993231e-06
covess.pdf;benelux;0.9999661400027722;1.790420786115589e-05;0.9999661400027722;1.2715012416621892e-05;3.240776950137154e-06
credoxys.pdf;germany;0.9999892512437912;5.716576299062156e-06;2.150821557888676e-06;2.881358351908688e-06;0.9999892512437912
ctrlenergy.pdf;france;0.9995214284031667;7.260901684352558e-05;0.00039375890677883216;0.9995214284031667;1.2203673210811113e-05
cybus.pdf;germany;0.9999830121556051;1.1889400218400876e-05;4.132588467324056e-06;9.65855709127573e-07;0.9999830121556051
dacma.pdf;germany;0.9999560552410893;8.758585173716402e-06;3.1379795001223346e-05;3.806378735849608e-06;0.9999560552410893
deephawk.pdf;france;0.9999702336215481;1.7039775111992103e-06;2.212807673644451e-06;0.9999702336215481;2.5849593267021222e-05
deloq.pdf;benelux;0.9999827129869784;6.7692433398536586e-06;0.9999827129869784;3.896075806608757e-06;6.6216938752040676e-06
diamfab.pdf;france;0.9999959185518578;1.7797964531726669e-06;1.7300714890864823e-06;0.9999959185518578;5.715802000302929e-07
dimpora.pdf;autres;0.9999953807092529;0.9999953807092529;7.850836143025783e-07;4.21343535160429e-07;3.4128635977471105e-06
dionymer.pdf;france;0.9999861542059167;4.3667213658746415e-06;9.188720281851439e-07;0.9999861542059167;8.56020068917921e-06
dotocean.pdf;benelux;0.9997950647306528;7.849527855739772e-05;0.9997950647306528;0.00012150253211139479;4.9374586783241985e-06
dragonflypads2.pdf;france;0.9999839908598823;8.03576390452939e-06;5.791820652954466e-06;0.9999839908598823;2.181555560207261e-06
dronematrix.pdf;benelux;0.9999996026049918;1.7795531384384107e-07;0.9999996026049918;2.0342877240578589e-07;1.60109217242953e-08
dropslab.pdf;benelux;0.9999694162467302;1.2835966589602222e-05;0.9999694162467302;1.3214775256648489e-05;4.533011423410815e-06
dryad.pdf;autres;0.4241835116084592;0.4241835116084592;0.36588893652527515;0.004056235586068674;0.20587131628019695
ecellix.pdf;autres;0.9999927666371711;0.9999927666371711;4.168186778208411e-06;1.990027836625175e-06;1.0751482142264812e-06
echemicles.pdf;autres;0.9999894896984478;0.9999894896984478;8.195370253141225e-06;7.874130077868873e-07;1.527518291186979e-06
eco2grow.pdf;germany;0.9999659374224643;1.2023311867632032e-05;2.0097773203912688e-05;1.9414924641099e-06;0.9999659374224643
ecobot.pdf;autres;0.999367009245282;0.999367009245282;2.474884321744344e-05;0.000604238372623872;4.0035388767367474e-06
ecop.pdf;germany;0.6505069817552074;0.26083683494269966;0.01426831867570242;0.07438786462639059;0.6505069817552074
edgetech.pdf;france;0.9999958916002739;1.0612894859478961e-07;1.8313576345364116e-06;0.9999958916002739;2.170913143164804e-06
edock.pdf;benelux;0.9999990721587375;1.512332639490792e-07;0.9999990721587375;3.5477263473709195e-07;4.2183536387147724e-07
effectsphotonics.pdf;benelux;0.9841977416266093;5.882096186508313e-05;0.9841977416266093;0.0008288131110914592;0.014914624300434099
effitrax.pdf;benelux;0.9999832399540126;2.7445158104911525e-08;0.9999832399540126;1.6604301715045108e-05;1.2829911435055837e-07
ehgroup.pdf;autres;0.9999676105969709;0.9999676105969709;1.3884440347193462e-05;1.1702278504588013e-05;6.802684177151372e-06
electriq.pdf;autres;0.9999875398519992;0.9999875398519992;5.915505830605781e-06;4.4350804525019245e-06;2.1095617177592723e-06
electrochaea.pdf;germany;0.9997890106732283;0.00010839565950152337;7.474384772115742e-05;2.7849819548965374e-05;0.9997890106732283
elugie.pdf;benelux;0.9999949723475018;2.5744830856654727e-07;0.9999949723475018;4.203280536002433e-06;5.669236536702462e-07
enadyne.pdf;germany;0.9999773073020229;9.238670738595466e-06;1.1526699178849468e-05;1.927328059533738e-06;0.9999773073020229
enhywhere2.pdf;france;0.9999335516664241;4.621672562032155e-06;5.9285029470695875e-05;0.9999335516664241;2.5416315431665077e-06
enosis.pdf;france;0.9999932491730927;1.2644274807924665e-06;3.7720107578235507e-06;0.9999932491730927;1.7143886685178078e-06
enow.pdf;benelux;0.9999610704115871;2.1599397174918425e-07;0.9999610704115871;3.041585925914003e-05;8.297735182012208e-06
enprove.pdf;benelux;0.9999859944841937;4.096250256059418e-06;0.9999859944841937;8.342139280345142e-06;1.5671262700093445e-06
entent.pdf;france;0.9999730685828826;4.169241917058162e-06;1.8243815602279603e-05;0.9999730685828826;4.51835959799107e-06
entras.pdf;benelux;0.9999643684800873;1.0941819913244348e-05;0.9999643684800873;1.0216722746775964e-06;2.366802772473035e-05
esnah.pdf;benelux;0.9999970885515828;2.6015045129702668e-06;0.9999970885515828;2.0467757972487612e-07;1.0526632456813304e-07
eternalpower.pdf;germany;0.9999909390515055;2.224624736453655e-06;6.074874013180935e-06;7.614497449831302e-07;0.9999909390515055
ethernics.pdf;benelux;0.9999335984357929;9.817579346972327e-06;0.9999335984357929;4.707347309599293e-05;9.510511764201719e-06
everysens.pdf;france;0.999971446748411;2.736801954050778e-06;9.960945725478422e-06;0.999971446748411;1.5855503909505207e-05
exanodia.pdf;france;0.9619929133014049;0.03798982284545398;1.4533361877544392e-05;0.9619929133014049;2.7304912634692072e-06
exomatter.pdf;germany;0.9999689048140884;4.1296570921841384e-06;2.575402434412968e-05;1.2115044752785135e-06;0.9999689048140884
extracthive.pdf;france;0.9999973011178636;1.8554393054819607e-06;3.0288822068330056e-07;0.9999973011178636;5.405546103645558e-07
farwind.pdf;france;0.9999861931598755;3.2502377658109196e-06;4.822005346822627e-06;0.9999861931598755;5.73459701188285e-06
fibersail2.pdf;autres;0.9972195348924917;0.9972195348924917;2.4967710800331998e-05;0.0026914743973628762;6.40229993449247e-05
flasc.pdf;benelux;0.9999808042667917;1.6002094252073137e-05;0.9999808042667917;3.084881373921154e-07;2.885150818833457e-06
flasc2.pdf;benelux;0.9999793390204145;8.826432153684992e-06;0.9999793390204145;4.0225715489542495e-06;7.811975882895061e-06
flyability.pdf;autres;0.9999697292509783;0.9999697292509783;4.978358185755693e-06;2.504477845221439e-05;2.4761238388716404e-07
flyability2.pdf;autres;0.9999809045713843;0.9999809045713843;1.1346496949080366e-05;7.1483172742948806e-06;6.006143922467245e-07
followinspiration.pdf;autres;0.9999709871513291;0.9999709871513291;1.8952896817603155e-05;8.774624105031423e-06;1.2853277482175605e-06
forecastyai.pdf;germany;0.9999863890960657;7.468912001001815e-07;1.1868805344744957e-05;9.952073895234488e-07;0.9999863890960657
fountainfuel.pdf;benelux;0.9999632704397261;2.0834000842228236e-06;0.9999632704397261;5.734629410087937e-06;2.8911530779692657e-05
genesink.pdf;france;0.999958580190509;1.2935066960149648e-05;1.0971509155276214e-05;0.999958580190509;1.7513233375741746e-05
genhy.pdf;france;0.9999853316395496;3.315458339532957e-06;7.746751920290504e-06;0.9999853316395496;3.6061501905486027e-06
geolith.pdf;france;0.9999946506774785;2.7141867898771658e-06;2.485547145138258e-06;0.9999946506774785;1.4958858644991342e-07
ghyga.pdf;france;0.9999986065838424;5.891701609153459e-07;3.6441563511022056e-07;0.9999986065838424;4.3983036137404575e-07
grandperspective.pdf;germany;0.9999599458666085;1.142930196921309e-05;1.741246839150457e-05;1.121236303082411e-05;0.9999599458666085
gravithy.pdf;france;0.9999991862676252;2.2480626748304198e-07;4.2561269743585785e-07;0.9999991862676252;1.633134098932242e-07
greengentech.pdf;france;0.99999984209745;1.0448003226065204e-07;3.0566060211225714e-08;0.99999984209745;2.2856457487622484e-08
greenyenergyag.pdf;autres;0.9999836540452961;0.9999836540452961;1.6530706280478282e-06;8.937487461560271e-07;1.3799135329758375e-05
grizit.pdf;benelux;0.9999891355285473;2.0293773147790802e-07;0.9999891355285473;1.6575087723283124e-06;9.004024948749806e-06
grownbio.pdf;benelux;0.9999465211811818;1.9967082497126765e-05;0.9999465211811818;2.741143054950042e-05;6.100305771728765e-06
h2sys.pdf;france;0.9999786456791202;3.0946300509271275e-07;3.852007102949549e-06;0.9999786456791202;1.719285077186105e-05
hace.pdf;france;0.9999878094622728;4.944701502903953e-06;6.384392557753729e-06;0.9999878094622728;8.614436664144648e-07
hawaitech.pdf;france;0.9999948121293746;1.7157655089524159e-06;2.9610791558431876e-06;0.9999948121293746;5.110259607509447e-07
hbat.pdf;benelux;0.9999568177739588;1.5957595911326984e-05;0.9999568177739588;3.1550307268379436e-06;2.4069599403119742e-05
heliac.pdf;autres;0.9999880715365861;0.9999880715365861;4.165043290192822e-06;7.181564828727363e-06;5.818552950596518e-07
heliup2.pdf;france;0.9999970637271374;1.201380274691619e-06;6.801374814994991e-07;0.9999970637271374;1.0547551063785916e-06
hevatech.pdf;france;0.9999790813941217;1.6142325293802292e-06;1.6626371316919902e-06;0.9999790813941217;1.7641736217042275e-05
hexana.pdf;france;0.9999836838460421;9.796449693877692e-06;2.8472346206589677e-06;0.9999836838460421;3.6724696432761748e-06
hexana2.pdf;france;0.999982681423135;8.879874861989464e-06;3.764132178403362e-06;0.999982681423135;4.674569824603887e-06
highline.pdf;germany;0.9999781457477344;7.883171204475097e-06;6.323092147461699e-06;7.647988913763029e-06;0.9999781457477344
hiqutediamond.pdf;france;0.999995309259864;9.165591670363785e-07;3.361628277418596e-06;0.999995309259864;4.125526915214142e-07
hoeller.pdf;germany;0.9999876976224259;5.380853171349662e-06;6.713626065111936e-06;2.0789833766484437e-07;0.9999876976224259
holosolis.pdf;france;0.9999912585009716;7.844042346218147e-08;1.2832853342622806e-08;0.9999912585009716;8.650225751518379e-06
holy.pdf;germany;0.9978340906149226;4.064448014187008e-06;0.0021604368604028704;1.4080766604973015e-06;0.9978340906149226
huskk.pdf;benelux;0.999951962585756;7.126219290143731e-07;0.999951962585756;2.904516105805615e-07;4.703434070435514e-05
hysilabs.pdf;france;0.9999867595605132;3.0204979339511466e-06;8.004397675112899e-06;0.9999867595605132;2.21554387778721e-06
hyve.pdf;benelux;0.9999791953278941;2.96821061500194e-06;0.9999791953278941;1.509887347354931e-05;2.7375880172629016e-06
hywaves.pdf;autres;0.9999738653982585;0.9999738653982585;6.8125982096746105e-06;1.4192439056080811e-05;5.129564475738888e-06
icodos.pdf;germany;0.9998974203706922;1.633194710759875e-05;4.481624657761114e-05;4.1431435622613906e-05;0.9998974203706922
imsystems.pdf;benelux;0.999966835160828;1.2197740811074428e-05;0.999966835160828;9.057603606666357e-06;1.1909494754222778e-05
independentlivingbase.pdf;france;0.9999961930831103;2.9796246402373745e-06;8.041138066138118e-07;0.9999961930831103;2.317844294653096e-08
ineratec.pdf;germany;0.9999969907841415;1.0852292169855983e-06;1.8144879557470996e-06;1.094986856790455e-07;0.9999969907841415
infiniciag.pdf;benelux;0.6522185358142759;0.2568220579254099;0.6522185358142759;0.05696224914902397;0.033997157111290185
inflights.pdf;benelux;0.9999396061089731;1.9475425031618454e-05;0.9999396061089731;3.6911126259482415e-05;4.007339735900055e-06
infrasolid.pdf;germany;0.9999895198369778;4.11406147374031e-06;2.4987817598692944e-06;3.867319788535419e-06;0.9999895198369778
inphocal.pdf;benelux;0.9999796495550314;4.7921464311986316e-06;0.9999796495550314;1.1223877095807575e-05;4.334421441797785e-06
insens.pdf;benelux;0.9999875107205759;2.873944553952191e-08;0.9999875107205759;1.1563668359180855e-05;8.96871619343743e-07
intelligentfluids.pdf;germany;0.9999792915322817;2.45412940130964e-06;1.2241750986110294e-05;6.01258733095082e-06;0.9999792915322817
internest.pdf;france;0.9999806939721886;1.7637586766825385e-05;1.5944280839950025e-06;0.9999806939721886;7.401296048017436e-08
inuse.pdf;france;0.9997823952098323;0.00012999147645313482;7.298301645645422e-05;0.9997823952098323;1.4630297258073229e-05
ionics.pdf;france;0.9991114822244034;0.000563376403295704;0.00032084861507552414;0.9991114822244034;4.292757225458695e-06
ipsumtek.pdf;france;0.9999604074756954;1.9132018079019665e-06;3.740462294507166e-05;0.9999604074756954;2.7469955173531513e-07
iqunet.pdf;benelux;0.9999955093426944;1.2852177669533793e-06;0.9999955093426944;3.914440200506585e-07;2.8139955185868965e-06
istya.pdf;france;0.9999800475324283;3.4368556377442154e-06;1.582136595885698e-05;0.9999800475324283;6.942459750009402e-07
japet.pdf;france;0.9996964657492154;3.896071068942561e-05;0.00026394635694827485;0.9996964657492154;6.271831467430074e-07
keeyaerogel.pdf;france;0.905272678371736;0.090474983266503;0.0017734015724826092;0.905272678371736;0.0024789367892783473
keeyaerogel2.pdf;france;0.9652272819858846;0.020462777431717958;0.0005267602833405829;0.9652272819858846;0.01378318029905677
keiron.pdf;benelux;0.9853723726753858;0.007604016768473201;0.9853723726753858;0.0068784888707911435;0.00014512168534980182
kemiwatt.pdf;france;0.9999968417397949;8.425312722145793e-08;2.9930164238513146e-06;0.9999968417397949;8.099065424968496e-08
kheoos.pdf;france;0.9999966403391592;9.109425049015663e-07;2.088991748733726e-06;0.9999966403391592;3.597265868960344e-07
komugi.pdf;france;0.9567097538503818;0.03225109268887812;0.009642923261298746;0.9567097538503818;0.0013962301994411984
kooping.pdf;france;0.9997262751242281;2.6691880974406807e-05;0.00023575808701083178;0.9997262751242281;1.1274907786784797e-05
lancey.pdf;france;0.8294788922890751;0.06011859482990873;0.06540894498306916;0.8294788922890751;0.04499356789794702
laserco.pdf;benelux;0.9999656082452187;2.140254555376744e-05;0.9999656082452187;7.2674815569841785e-06;5.721727670448984e-06
latannerievegetale.pdf;france;0.9903061911766775;0.0010295964686871137;0.006495905664570882;0.9903061911766775;0.002168306690064335
leviathandynamics2.pdf;france;0.999998467969088;1.193606352245509e-06;3.2144764703884773e-07;0.999998467969088;1.6976912739403474e-08
lichens.pdf;france;0.9998552448212132;2.6182272832460293e-05;0.00011182395890011466;0.9998552448212132;6.748947054012485e-06
lionvolt.pdf;benelux;0.982200911572397;0.01773797732318234;0.982200911572397;1.5880654899442656e-05;4.5230449521153156e-05
lithcote.pdf;benelux;0.9999945368676216;1.1249315637968302e-06;0.9999945368676216;3.852603935669956e-06;4.855968791001743e-07
litherm.pdf;germany;0.9999652012098168;1.8616752310016127e-06;3.7405740990418483e-07;3.2563057542428606e-05;0.9999652012098168
maana.pdf;benelux;0.9999794722270953;1.0866101148916571e-05;0.9999794722270953;8.132156389616783e-06;1.5295153661597663e-06
machine2humansolutions.pdf;germany;0.9999852961152421;5.498657749669025e-07;1.2593364762296549e-05;1.5606542206242143e-06;0.9999852961152421
magreesource.pdf;france;0.9999986265214238;3.1284627048298737e-07;8.388411430682286e-07;0.9999986265214238;2.2179116271616727e-07
manaa.pdf;benelux;0.9999488566749363;1.6150764389835895e-05;0.9999488566749363;2.266780084019867e-05;1.232475983372445e-05
mantispectra.pdf;autres;0.6779346983455787;0.6779346983455787;0.03896651979369376;0.2778165574281441;0.0052822244325833835
mariepoppies.pdf;benelux;0.9723466783058388;8.260450579568414e-05;0.9723466783058388;0.02757041528691586;3.0190144969564125e-07
matvision.pdf;benelux;0.9999988657346719;9.590251370470884e-09;0.9999988657346719;1.0839081729865104e-06;4.076690379616739e-08
mcve.pdf;france;0.9379713421426675;0.0013606528498420498;0.060036629881550896;0.9379713421426675;0.0006313751259394759
mcve3.pdf;france;0.9983019887089167;3.859305488893261e-05;0.00165595333919348;0.9983019887089167;3.464897000883357e-06
mcve4.pdf;france;0.9999865365420814;3.4822237810837958e-06;9.666111441024059e-06;0.9999865365420814;3.1512269642609073e-07
meam.pdf;benelux;0.9999850412161047;5.703636219934101e-06;0.9999850412161047;8.891071297534696e-07;8.366040545578977e-06
mecabotix.pdf;france;0.9999751359117975;6.991301700816833e-06;1.7189761769804514e-05;0.9999751359117975;6.830247316659168e-07
mecawareA.pdf;france;0.9999924395250941;1.8158421096715229e-06;4.339424263665148e-06;0.9999924395250941;1.4052085323811895e-06
metaliq.pdf;germany;0.9999984268707327;8.778761146358779e-07;2.1585103865203828e-07;4.79402113892711e-07;0.9999984268707327
mirsense.pdf;france;0.9999647322862295;7.1699573039953685e-06;1.6899880019690412e-05;0.9999647322862295;1.119787644678275e-05
mitis.pdf;benelux;0.9999591190257731;2.925430241649568e-06;0.9999591190257731;3.494480205535119e-05;3.0107419299276232e-06
mobenergy.pdf;france;0.9999714466310273;1.4146070921920182e-05;1.393273621898976e-05;0.9999714466310273;4.745618318925893e-07
mobilitywork.pdf;benelux;0.703985575128748;0.043737084370250985;0.703985575128748;0.24912763702615123;0.003149703474849699
mobito.pdf;france;0.6955114650261486;0.14073511174274234;0.15537419281442413;0.6955114650261486;0.008379230416684834
moiz.pdf;france;0.9999930172856427;3.702901915348101e-06;2.676671012810984e-06;0.9999930172856427;6.031414291332854e-07
molecularplasmagroup.pdf;benelux;0.9999975067369697;1.6665640758050105e-06;0.9999975067369697;7.692140750622599e-07;5.7484879470331534e-08
muodim.pdf;france;0.9999996221873553;1.1565813851618275e-07;2.0692294871274083e-07;0.9999996221873553;5.523155756082442e-08
myjiminy.pdf;france;0.9998360693906438;2.5747047749200644e-06;0.00014435468220859362;0.9998360693906438;1.700122237264434e-05
nanoz.pdf;france;0.9999686053781159;1.3370917762361417e-05;1.0398161524470795e-05;0.9999686053781159;7.625542597266385e-06
nature2need.pdf;germany;0.9999412823849563;1.0834347242989135e-05;2.0782369896271282e-05;2.7100897904518927e-05;0.9999412823849563
neextengineering.pdf;france;0.9999953166889891;2.2534658322779652e-07;4.362824259095154e-06;0.9999953166889891;9.51401685809123e-08
nestwave.pdf;france;0.9999777662472038;8.409745401784742e-06;1.083116514617699e-05;0.9999777662472038;2.9928422483496636e-06
neurala.pdf;autres;0.9089366177891675;0.9089366177891675;0.00124619513371846;0.08948494636930016;0.00033224070781395396
nextind.pdf;autres;0.9999740407050905;0.9999740407050905;7.602321828086744e-06;4.232302157509643e-06;1.412467092366516e-05
nexwafe.pdf;germany;0.9999921204354448;2.4847776692609193e-06;1.7859080121295742e-06;3.6088788738076584e-06;0.9999921204354448
nexxoil.pdf;germany;0.6092114269390283;0.0066502403040656;0.10263936572788195;0.2814989670290242;0.6092114269390283
nexxtlab.pdf;benelux;0.9999858889896247;3.809327008154828e-08;0.9999858889896247;7.951126228507207e-06;6.12179087669225e-06
nimbleone.pdf;france;0.9999968164257993;1.7980385080197707e-06;1.2886724643747285e-06;0.9999968164257993;9.686322843532949e-08
nimesis.pdf;france;0.9999479735499387;2.675851292494336e-05;2.4474246299798285e-05;0.9999479735499387;7.936908364405295e-07
novacarbon.pdf;france;0.9999928055328678;4.680265827492114e-06;2.34895285081925e-06;0.9999928055328678;1.6524845375461422e-07
novali3.pdf;benelux;0.9999927306809756;6.492516287521741e-06;0.9999927306809756;4.614209612950944e-07;3.1538177550440705e-07
novocycle.pdf;autres;0.9999760808233148;0.9999760808233148;9.866409152491156e-06;8.674346739510876e-06;5.378420793176845e-06
novomof.pdf;autres;0.9999785929373686;0.9999785929373686;1.7305075071960033e-05;3.3713963913423307e-06;7.305911680409367e-07
obeia.pdf;france;0.9999985340249212;3.057716098916116e-07;1.003926284837701e-06;0.9999985340249212;1.5627718389871738e-07
octofan.pdf;france;0.9999606929126592;4.004491518524425e-06;3.387415562043833e-05;0.9999606929126592;1.4284402018500945e-06
oghji.pdf;autres;0.960844455087709;0.960844455087709;0.00020275381780732743;0.038866086799372104;8.670429511160144e-05
ollow.pdf;france;0.9999997113298772;1.4957306373523416e-07;2.170441349592916e-08;0.9999997113298772;1.1739264579436614e-07
onewatt.pdf;benelux;0.9999853506301815;4.801594001978617e-06;0.9999853506301815;5.472623506061017e-06;4.375152310552438e-06
oppr.pdf;benelux;0.9999830177413045;1.8183977414578387e-06;0.9999830177413045;9.817063362408534e-06;5.346797591505462e-06
otiv.pdf;benelux;0.9999677868196065;4.1080041599015106e-06;0.9999677868196065;1.34400703059783e-05;1.4665105927801547e-05
otiv2.pdf;benelux;0.9999231519734436;2.597885976594549e-05;0.9999231519734436;4.813843195273481e-05;2.730734837867751e-06
ouat!.pdf;benelux;0.9999763796249292;8.370000994688164e-06;0.9999763796249292;1.357385317747756e-05;1.676520898487067e-06
oxylum.pdf;benelux;0.9999867955693386;2.4933064979870984e-06;0.9999867955693386;3.603866785504611e-06;7.1072573778095776e-06
packwise.pdf;germany;0.9999955615326047;9.55142037106283e-07;3.3344924688976184e-06;1.488328892336441e-07;0.9999955615326047
pathrobotics.pdf;autres;0.9999783965447042;0.9999783965447042;5.359099911747019e-06;7.339247709500759e-06;8.905107674530938e-06
pepps.pdf;benelux;0.9997634430477759;6.475116819174882e-06;0.9997634430477759;0.00022704852302833956;3.0333123766217474e-06
phoenixai.pdf;benelux;0.9997885015457942;0.00010478075847583944;0.9997885015457942;9.83489835878464e-05;8.368712141964036e-06
phytonics.pdf;germany;0.9999717146250593;5.5938537333437485e-06;7.838676928712657e-06;1.4852844278733723e-05;0.9999717146250593
polypea.pdf;benelux;0.9999509430642435;1.0077011374116264e-05;0.9999509430642435;3.3698337986855166e-05;5.281586395568059e-06
powerlubecontrol.pdf;benelux;0.9999381727534539;1.0011935100179001e-06;0.9999381727534539;6.075169177021483e-05;7.436126606810927e-08
pozyx.pdf;benelux;0.9999898561155147;8.030952516750593e-06;0.9999898561155147;1.795536297775869e-06;3.1739567056691617e-07
propellane.pdf;france;0.9999927140029655;4.430781908899991e-06;2.769279558018151e-06;0.9999927140029655;8.593556762655062e-08
purenat2.pdf;france;0.9998764662132964;2.6092400089767933e-05;9.315823490914994e-05;0.9998764662132964;4.283151704608856e-06
pydro.pdf;germany;0.9999839036329343;2.6507333054185972e-06;6.607888029608341e-06;6.837745730710389e-06;0.9999839036329343
qualitics.pdf;benelux;0.9999592392249381;2.3855593382749344e-07;0.9999592392249381;4.025082685995661e-05;2.713922681682901e-07
reeverse.pdf;france;0.9999998586843839;1.3884946665469601e-08;1.2013955809760218e-07;0.9999998586843839;7.291111418614713e-09
rein4ced.pdf;benelux;0.999985526244932;1.7432808988114979e-06;0.999985526244932;3.671434291009596e-08;1.2693759826297543e-05
rejuice.pdf;benelux;0.9999963831304064;2.2582350781187034e-06;0.9999963831304064;5.523207215240911e-07;8.063137939538677e-07
renewind.pdf;benelux;0.9999930470108507;1.2511193569918126e-06;0.9999930470108507;4.310992381174103e-06;1.390877411089242e-06
replace.pdf;france;0.9999590693980771;2.9017720256301035e-06;1.274105726390557e-05;0.9999590693980771;2.5287772633252296e-05
ridergy.pdf;germany;0.9999823423175123;2.4136892626114084e-06;1.4561342113507559e-05;6.826511116446813e-07;0.9999823423175123
rift.pdf;benelux;0.9999497688328931;1.8913499351706523e-05;0.9999497688328931;6.568188541150423e-06;2.474947921392701e-05
roav7.pdf;france;0.9999869438767;5.905514240546835e-06;7.108114433014606e-06;0.9999869438767;4.249462631968942e-08
rosi.pdf;france;0.9999930141239207;5.975563541378768e-07;3.0139644702143137e-06;0.9999930141239207;3.3743552548830873e-06
roth2.pdf;france;0.9999941084861085;4.0333442741725765e-06;6.310782196637763e-07;0.9999941084861085;1.2270913976196149e-06
rovenso.pdf;autres;0.999878234051106;0.999878234051106;4.627507035858936e-05;6.887139990232325e-05;6.619478633042402e-06
sakowin.pdf;france;0.9999737160543319;5.524254617549774e-06;1.7456989015796e-05;0.9999737160543319;3.3027020348537674e-06
saturnetechnology.pdf;benelux;0.9999441309893263;2.515145686041851e-05;0.9999441309893263;2.9053148009885165e-05;1.6644058032925007e-06
senergetics.pdf;benelux;0.9999349405804077;1.2416185751914754e-05;0.9999349405804077;1.88777574478599e-05;3.376547639283507e-05
senodis.pdf;germany;0.999988726319479;6.079447504908657e-06;7.449792275809657e-07;4.4492537885199465e-06;0.999988726319479
senorics.pdf;germany;0.9999825564431436;2.868939787670422e-06;5.707741757169139e-06;8.866875311472785e-06;0.9999825564431436
senseven.pdf;autres;0.9999749126098991;0.9999749126098991;1.0685499117150496e-05;6.488445640516595e-07;1.3753046419978947e-05
sereema.pdf;france;0.9999907897959333;5.324710244003394e-07;3.191643848786947e-07;0.9999907897959333;8.35856865742387e-06
sesam.pdf;france;0.9976222717306056;6.544764254052843e-05;9.812012112894253e-06;0.9976222717306056;0.0023024686147409836
shayp.pdf;benelux;0.9999727603321357;2.788612428706184e-06;0.9999727603321357;2.0890487524454087e-05;3.5605679112419025e-06
sironatechnologies.pdf;benelux;0.9999870924017409;1.990385008467868e-06;0.9999870924017409;8.50576547612364e-06;2.4114477746422663e-06
skydrone.pdf;france;0.9999836871985766;1.213806160912902e-05;4.010653617121285e-06;0.9999836871985766;1.6408619701708476e-07
sogilis.pdf;france;0.9999721852254889;4.512470310547169e-06;1.3560628200130668e-05;0.9999721852254889;9.741676000496893e-06
soluterials.pdf;germany;0.9999924373374847;2.143834970327433e-06;5.2265756456390335e-06;1.9225189939495944e-07;0.9999924373374847
soomiq.pdf;germany;0.9999928619790632;3.048065093968538e-06;2.055538193244386e-07;3.884402023460691e-06;0.9999928619790632
spark2.pdf;france;0.9999377333612203;1.0270889251409618e-05;1.2419172172981518e-06;0.9999377333612203;5.075383231106608e-05
spotlight.pdf;france;0.9999849201716663;9.994515571545717e-06;4.366526032770422e-06;0.9999849201716663;7.18786729359398e-07
spreeinteractive.pdf;germany;0.999986512349077;3.366751134974742e-06;6.691105861282499e-06;3.429793926654339e-06;0.999986512349077
squairtech.pdf;france;0.9999618248235207;2.1422727937854105e-05;1.4007555961321756e-05;0.9999618248235207;2.7448925802860108e-06
staaq.pdf;france;0.9999850360359359;3.8996965015496965e-06;8.787266373899723e-06;0.9999850360359359;2.277001188661056e-06
stabilogreen.pdf;benelux;0.9999687853294228;9.670153100676462e-08;0.9999687853294228;3.10013081194916e-05;1.1666092664282434e-07
starcopter.pdf;germany;0.9999887605682269;1.6958676070353628e-06;4.29959460433865e-06;5.243969561615375e-06;0.9999887605682269
stargate.pdf;autres;0.9999810384697467;0.9999810384697467;6.453237403278868e-06;5.190922388764916e-06;7.317370461101932e-06
storh.pdf;autres;0.9999887789865985;0.9999887789865985;3.103212151674932e-07;8.94266236132077e-06;1.968029825117798e-06
sublimeenergie.pdf;france;0.9999921477121769;6.535836210012849e-06;1.2174852961028012e-06;0.9999921477121769;9.896631704039794e-08
sunlion.pdf;benelux;0.9999876321502603;1.0601383937611602e-06;0.9999876321502603;1.122618533239447e-05;8.152601369454223e-08
sunmaxx.pdf;germany;0.999986288819133;3.6461384380935938e-06;3.1339910364617313e-06;6.93105139247403e-06;0.999986288819133
sunmaxx2.pdf;germany;0.9999466640375992;3.463964320392451e-05;4.286191565547722e-06;1.4410127631428437e-05;0.9999466640375992
supairvision.pdf;france;0.9994406588252218;0.00039364236031254817;6.68251509468754e-05;0.9994406588252218;9.887366351875741e-05
swanh.pdf;france;0.9998642842674326;4.87150172360781e-05;4.717067308573208e-05;0.9998642842674326;3.983004224552745e-05
swoopenergy.pdf;france;0.9998866221844968;8.924891681681996e-05;2.157058533286798e-05;0.9998866221844968;2.5583133536025693e-06
sylfen.pdf;france;0.9997914450727146;4.0641469598367624e-05;5.688370346509713e-06;0.9997914450727146;0.0001622250873403976
teeptrak2.pdf;france;0.9999808115688039;7.020467939222664e-07;1.741092112985434e-05;0.9999808115688039;1.0754632722594713e-06
terakalis.pdf;france;0.9999925962832968;3.889214490089157e-07;6.965246820584706e-06;0.9999925962832968;4.954843351415487e-08
teratonics.pdf;france;0.999949184400541;8.722614334085702e-06;3.573134518503019e-05;0.999949184400541;6.361639939767211e-06
theyeq.pdf;france;0.9999805362999845;6.934420801615158e-06;9.772449639244363e-06;0.9999805362999845;2.7568295745504142e-06
threedy.pdf;germany;0.9999755680716099;3.4774517031970508e-06;4.616339114461947e-06;1.633813757250583e-05;0.9999755680716099
tiamat.pdf;france;0.9999801344484515;8.585168533728682e-07;1.4582009731649474e-05;0.9999801344484515;4.4250249634444975e-06
tihive.pdf;france;0.9999588746333724;6.3654489364065645e-06;1.4740215439654893e-05;0.9999588746333724;2.00197022515609e-05
torwash.pdf;benelux;0.4209719682867417;0.3675556266114421;0.4209719682867417;0.19142100325942757;0.020051401842388534
tozero.pdf;germany;0.7279553087477014;0.008850419917104677;0.22935360485732903;0.03384066647786487;0.7279553087477014
tractonomy.pdf;france;0.6151565942109511;0.06691808228066824;0.2992537170357256;0.6151565942109511;0.018671606472655092
turbit.pdf;germany;0.9999905706122183;3.305765955472878e-06;3.0816296767008413e-06;3.0419921494824044e-06;0.9999905706122183
turbulent.pdf;benelux;0.9994781435628867;0.000250698911396953;0.9994781435628867;6.707283143195961e-05;0.00020408469428450193
twikit.pdf;benelux;0.9999669892060716;2.5537751492747347e-05;0.9999669892060716;1.198842737042211e-06;6.2741996985006816e-06
twinsity.pdf;germany;0.9999815252271237;9.886096892603168e-06;6.0744749459211594e-06;2.514201037740871e-06;0.9999815252271237
uavia.pdf;france;0.9847280394238936;0.013595690122732203;0.0012139579796706286;0.9847280394238936;0.00046231247370355207
uware.pdf;benelux;0.9894231776981727;0.007402332286238988;0.9894231776981727;0.002470726943947089;0.0007037630716411245
uware2.pdf;benelux;0.9894231776981727;0.007402332286238988;0.9894231776981727;0.002470726943947089;0.0007037630716411245
uze.pdf;benelux;0.5095311374583423;0.48162539990110165;0.5095311374583423;0.0049712602768314205;0.0038722023637246827
v2i.pdf;benelux;0.8124267448752114;2.388547877430948e-07;0.8124267448752114;0.18757300511165448;1.1158346289788403e-08
variolytics.pdf;germany;0.9999898966689793;9.621347757408403e-07;8.750264459429429e-06;3.9093178559705297e-07;0.9999898966689793
vernaio.pdf;germany;0.9999877143442745;4.4576955166335035e-06;6.957527559104328e-06;8.704326496495215e-07;0.9999877143442745
viridianlithium.pdf;france;0.9998986472777421;2.0158337501219923e-06;8.77941574259799e-07;0.9998986472777421;9.845894693352573e-05
visiontechnology.pdf;france;0.809618185581354;0.0032653766467740535;0.0014857822610618238;0.809618185581354;0.18563065551081015
visplore.pdf;autres;0.999980757716601;0.999980757716601;8.38018149345963e-07;5.68481352408089e-07;1.7835783897200164e-05
vocsens.pdf;benelux;0.9999832064173028;9.548585601749707e-07;0.9999832064173028;2.1441191551500287e-06;1.3694604982145817e-05
voleatech.pdf;germany;0.999974680689795;7.066179502623221e-06;2.0261710796462175e-06;1.622695962267638e-05;0.999974680689795
vulkam.pdf;france;0.9999866789681036;2.4200977819502543e-06;4.403105613705363e-06;0.9999866789681036;6.4978285009379e-06
wainvame.pdf;france;0.9999943861043116;2.4649861380377197e-06;3.0653531274940843e-06;0.9999943861043116;8.355642290871772e-08
waterhorizon.pdf;france;0.9940050943003764;0.0029162193315446956;0.003018833200818789;0.9940050943003764;5.985316726002042e-05
waterstuffsun.pdf;autres;0.7964033426799577;0.7964033426799577;0.04740195341831681;0.007080370959396286;0.14911433294232918
watt4ever.pdf;benelux;0.9999986378821717;2.561429773557666e-07;0.9999986378821717;1.0796425412699357e-06;2.633230947650979e-08
wattalps.pdf;france;0.9993821198346012;0.00013481161068878357;0.0004589211613679277;0.9993821198346012;2.4147393342214385e-05
wayout.pdf;autres;0.99999398594334;0.99999398594334;2.743650552077809e-07;3.038745899451571e-06;2.700945705341419e-06
wespran.pdf;france;0.9999955746837838;2.4904467023721614e-06;1.7941667636980788e-06;0.9999955746837838;1.407027503072821e-07
wiidetect.pdf;france;0.9999633034307029;1.5914600214900277e-06;2.403801700416346e-05;0.9999633034307029;1.1067092271290065e-05
windfisher.pdf;france;0.9998131210836623;0.00018341566989624522;3.0240021749840497e-06;0.9998131210836623;4.3924426638874553e-07
wizata.pdf;benelux;0.9999546713073421;1.497331788689965e-05;0.9999546713073421;2.7899478032341123e-05;2.4558967386947147e-06
